# This file was produced by samtools stats (1.11+htslib-1.11) and can be plotted using plot-bamstats
# This file contains statistics for all reads.
# The command line was:  stats -d results/03_addRG/bam/22-01855_S17_L02_run2.bam
# CHK, Checksum	[2]Read Names	[3]Sequences	[4]Qualities
# CHK, CRC32 of reads which passed filtering followed by addition (32bit overflow)
CHK	007e54c6	54c952cb	c51e1468
# Summary Numbers. Use `grep ^SN | cut -f 2-` to extract this part.
SN	raw total sequences:	23060140
SN	filtered sequences:	0
SN	sequences:	23060140
SN	is sorted:	1
SN	1st fragments:	11530070
SN	last fragments:	11530070
SN	reads mapped:	23060140
SN	reads mapped and paired:	23060140	# paired-end technology bit set + both mates mapped
SN	reads unmapped:	0
SN	reads properly paired:	23060140	# proper-pair bit set
SN	reads paired:	23060140	# paired-end technology bit set
SN	reads duplicated:	0	# PCR or optical duplicate bit set
SN	reads MQ0:	91676	# mapped and MQ=0
SN	reads QC failed:	0
SN	non-primary alignments:	1203042
SN	total length:	2252246528	# ignores clipping
SN	total first fragment length:	1126110525	# ignores clipping
SN	total last fragment length:	1126136003	# ignores clipping
SN	bases mapped:	2252246528	# ignores clipping
SN	bases mapped (cigar):	2231451066	# more accurate
SN	bases trimmed:	0
SN	bases duplicated:	0
SN	mismatches:	0	# from NM fields
SN	error rate:	0.000000e+00	# mismatches / bases mapped (cigar)
SN	average length:	97
SN	average first fragment length:	98
SN	average last fragment length:	98
SN	maximum length:	98
SN	maximum first fragment length:	98
SN	maximum last fragment length:	98
SN	average quality:	34.8
SN	insert size average:	1296.6
SN	insert size standard deviation:	2151.6
SN	inward oriented pairs:	11393638
SN	outward oriented pairs:	136432
SN	pairs with other orientation:	0
SN	pairs on different chromosomes:	0
SN	percentage of properly paired reads (%):	100.0
# First Fragment Qualities. Use `grep ^FFQ | cut -f 2-` to extract this part.
# Columns correspond to qualities and rows to cycles. First column is the cycle number.
FFQ	1	9539	677	2631	4305	4777	5136	4016	5064	5248	4898	6294	6250	7080	7302	10035	9819	11219	10798	12466	14429	17193	16161	20234	25835	28733	28909	40180	44918	48548	64193	99977	113170	182584	326696	1022256	1828555	849511	1860644	1569375	2687424	512991	0
FFQ	2	9603	1363	4150	5518	4690	5619	4812	5816	6430	5613	7474	7877	9054	9381	12466	12005	12049	11728	14383	16111	19718	17993	22477	28380	30761	31804	42972	50175	54147	69484	109428	127116	226530	438255	1576758	2740619	923018	1711678	945081	1860474	337060	0
FFQ	3	77	1982	4792	5568	4892	5738	4785	5848	6407	5923	7692	7963	9111	9609	12509	12037	12719	12130	14651	16833	20015	18646	23449	29790	32638	33289	45185	51990	57535	71803	112077	124556	206285	370077	1328232	2436751	1123005	1947332	1046836	1963448	325865	0
FFQ	4	16	2493	5182	5545	4809	6095	4986	6039	6822	6525	7827	8520	9900	10489	13089	12577	12666	12570	15038	17666	20092	19839	23967	30677	33544	35366	45869	53265	62915	73941	116270	131565	219829	396472	1342608	2462337	1481488	2041463	844803	1659036	265870	0
FFQ	5	12	2787	5376	5660	4815	6034	4988	6022	6604	6162	7339	8088	9157	10084	12311	12729	12451	12381	14528	16998	20256	19192	23513	30730	33894	34155	45408	53524	62943	73288	118123	132352	226051	410244	1375817	2471229	1517527	1991939	843650	1613497	268212	0
FFQ	6	25	2403	5313	5525	4940	6301	5097	6299	6901	6677	7832	8692	9980	10756	12800	12570	12541	12585	15059	17504	20301	19536	24088	30642	33884	35700	45829	53653	64561	74635	120411	135931	232740	426202	1428382	2550583	1573555	1997986	755286	1495523	240842	0
FFQ	7	22	579	2691	4545	3982	5310	4589	5876	6401	5991	8029	8484	10531	10862	13947	13003	13012	12579	16026	17126	21531	18789	24827	31325	33555	35831	47447	56000	59371	77864	125625	145468	269235	541558	1961047	3135747	721380	1452132	824916	1546741	236096	0
FFQ	8	11	1202	3924	5833	4924	6101	5008	6185	7042	6777	8457	8990	10545	11200	14160	13978	14183	13866	16613	19022	22408	20839	26776	33658	36668	37418	50565	58116	63735	80564	125969	139349	231848	421981	1426707	2414908	1025068	1841742	1064642	1926372	302716	0
FFQ	9	18	1741	4932	6553	5706	6892	5644	6986	7530	6995	8997	9803	11087	11700	15498	14841	15317	14660	17523	19973	23632	22641	27810	35479	38734	39157	53157	61272	66578	83801	130484	144645	239337	434363	1424649	2350919	1073083	1833562	1075747	1889546	289078	0
FFQ	10	67642	3607	6954	6870	6342	7841	6743	8261	8610	8094	8940	10074	11039	12079	14822	14948	14259	14615	16379	19901	22159	22838	26697	34594	38661	38510	50706	59595	72888	80896	128850	145689	245816	439905	1361628	2363980	1684571	1961844	780645	1457306	244272	0
FFQ	11	36	2436	5331	6775	5875	6922	5891	7084	7719	7418	9235	9811	11050	11852	15307	15035	15583	15211	17798	20502	24135	22908	28367	36125	40035	39871	54967	62060	69438	84363	132556	144583	234905	410638	1270083	2134411	1284932	1960392	1100368	1908102	289960	0
FFQ	12	28	2052	5336	6613	5712	7024	5593	7070	7625	7354	9012	9446	11116	11747	15151	14744	15301	14911	17800	20175	24112	22350	28048	35379	39423	39556	53620	61146	68937	83633	133444	146320	244079	445717	1464533	2402852	1148007	1831642	1012135	1775388	275939	0
FFQ	13	24	2316	5584	6212	5618	7005	5576	6894	7283	7253	8817	9589	11190	11478	14830	14569	14820	14752	17115	19868	23238	22289	26686	34694	38106	38597	51971	60159	67845	81962	130811	146782	249355	459035	1524428	2532131	1215975	1829061	912256	1636271	257625	0
FFQ	14	21	2574	5657	6411	5697	7019	5784	6963	7349	7234	9049	9634	11001	11775	15209	14978	15084	14582	17438	19874	23475	22178	27608	34970	38623	38431	52760	60713	69246	82875	132308	147083	249856	459551	1503576	2477878	1231464	1819395	927315	1673661	263771	0
FFQ	15	22	2527	5881	6376	5514	6907	5707	6865	7660	7225	8950	9650	10990	11910	15160	15053	15052	14680	17282	20210	23665	22592	27605	35547	38881	39036	53081	61569	69203	83648	132769	147780	250588	457031	1471151	2416980	1263271	1850118	944440	1685349	262145	0
FFQ	16	18	2781	6137	6735	5899	7244	5992	7218	7769	7373	9257	9841	11253	12143	15598	15363	15302	15407	17781	20773	23997	23149	28181	36200	40098	39816	54287	62548	70661	84789	134991	149176	252454	459282	1458461	2393378	1277587	1840539	946992	1690385	263215	0
FFQ	17	12	2747	6091	6803	5897	7117	5938	7232	7803	7550	9296	9973	11294	12303	15706	15242	15506	15215	17906	20885	24128	23150	28625	36169	40451	39906	54006	62281	71184	85200	134641	149727	250448	453109	1445000	2375384	1281931	1855076	964410	1692666	262062	0
FFQ	18	4	2828	6199	6875	6044	7351	6000	7598	8104	7718	9443	9952	11221	12573	15832	15472	15554	15530	18363	21021	24141	23151	28467	36747	40356	39913	54363	62707	71094	84901	135986	149933	253430	457515	1456894	2381244	1296959	1844470	948011	1675815	260291	0
FFQ	19	4	2885	6151	7095	5938	7457	6111	7474	8163	7934	9415	10187	11727	12547	16040	15960	15759	15635	18453	20959	24423	23259	29023	36986	40823	40640	55250	63945	71945	86308	136866	150764	255162	459596	1454059	2371745	1277962	1838261	958165	1688140	260854	0
FFQ	20	11	2974	6297	7130	6235	7438	6140	7583	8050	7724	9674	10283	11705	12608	16159	15775	15990	15744	18240	21138	24537	23877	28802	36937	41032	40939	55035	63465	72133	86514	137772	151230	253731	459672	1446077	2353831	1292339	1837924	960677	1694986	261662	0
FFQ	21	14	2847	6367	7023	6151	7718	6207	7611	8173	7925	9692	10289	11669	12493	16237	15809	16128	15613	18467	21434	24767	23752	29222	37219	40918	40809	55240	64671	73420	87318	138015	153747	256470	463921	1450849	2363003	1296534	1846376	954116	1666556	255280	0
FFQ	22	10	2969	6398	7332	6257	7731	6310	7674	8298	7991	9730	10528	11919	12767	16205	16144	16122	15842	18382	21527	24824	24066	29289	37328	41502	41140	55899	64039	73184	87102	138462	153039	257339	464258	1448837	2355145	1309247	1842285	951131	1666377	255441	0
FFQ	23	8	2888	6438	7137	6234	7757	6307	7601	8474	7757	10017	10583	12046	12824	16481	16080	16162	16277	18471	21716	25049	24038	29305	37837	41508	41457	55941	64667	73285	87800	139536	153443	258278	467134	1447664	2349077	1313376	1849109	952895	1655533	251880	0
FFQ	24	10	2988	6552	7385	6410	7925	6427	7873	8443	8116	9854	10772	11887	13089	16556	16473	16444	15871	18837	21759	25258	24281	29279	38269	41574	41669	56218	65413	74343	87527	139763	154151	260171	468794	1450494	2357319	1327962	1840732	942475	1640359	250348	0
FFQ	25	10	2883	6629	7406	6549	7922	6269	7790	8536	8161	10021	10760	12125	13121	17019	16729	16750	16471	19025	22068	25474	24446	29805	38699	42221	42058	56564	65718	74479	88095	141433	155108	262054	471036	1455183	2348139	1317736	1839516	954293	1633402	248367	0
FFQ	26	4	2912	6584	7590	6400	7789	6386	7878	8546	8033	9933	10534	11876	13070	16572	16728	16602	16331	19322	22254	25674	24397	29963	38533	42303	41841	57120	65868	75032	88260	140796	155670	262054	475894	1455353	2340782	1317156	1824552	954165	1646989	252324	0
FFQ	27	9	2966	6771	7664	6617	8270	6698	8174	8820	8356	10221	10978	12555	13401	17137	16938	16945	16872	19319	22432	25658	24988	30391	39248	43066	42271	57508	66550	75827	89801	144133	157622	263773	478380	1465538	2351751	1319625	1821592	949589	1616236	245380	0
FFQ	28	27	3075	6823	7739	6726	8227	6598	8020	8875	8230	10297	10943	12263	13430	17066	17143	17142	16583	19432	22180	25877	25121	30694	38693	43318	42293	57555	66880	75924	89989	143446	156989	265345	480212	1470351	2349371	1308295	1807960	952092	1630557	248289	0
FFQ	29	26	3198	7044	7831	6654	8410	6983	8062	8785	8416	10266	11153	12519	13560	17338	17018	17038	16641	19846	22889	26110	25220	30940	39212	43383	43196	58035	67289	76332	90576	144197	157746	266972	479935	1467560	2332023	1312681	1813070	955566	1631706	244644	0
FFQ	30	22	3212	7143	7826	6856	8457	6730	8241	9085	8279	10235	11398	12719	13675	17311	17047	17311	16987	19639	22905	26146	25563	30994	39673	43450	43431	58942	67752	76950	91067	145563	159479	269853	485407	1470350	2341262	1317305	1801341	951077	1616915	242472	0
FFQ	31	20	3059	7123	7850	6913	8465	6827	8351	9191	8673	10647	11081	12746	13948	17744	17536	17524	17226	19842	23164	26725	25798	31480	39893	43799	43388	59006	68204	77110	91219	145499	160508	269234	485413	1469700	2330311	1321482	1808389	954106	1611660	239216	0
FFQ	32	21	3184	7214	8140	6995	8505	6859	8463	9118	8504	10783	11194	12942	13878	17770	17834	17479	17593	19882	23385	26779	25803	30991	39846	44042	44391	59553	68553	78143	91748	146146	161272	270042	488235	1472792	2326799	1323693	1801077	951652	1610075	238695	0
FFQ	33	27	3199	7173	8301	7071	8811	7125	8638	9590	8748	10803	11555	13043	14093	17970	18043	17982	17502	20180	23212	26498	26270	31709	40400	44423	43955	59795	69018	78548	91906	147688	161885	272719	491263	1475855	2328196	1331241	1802680	949830	1588212	234913	0
FFQ	34	26	3319	7297	8255	7120	8944	7071	8754	9531	8854	10977	11625	13053	14163	18255	18101	18130	17503	20496	23478	26997	26339	31529	40815	44637	44129	60026	69066	78353	92492	147801	162965	273042	495438	1479860	2326283	1324499	1795674	946261	1594578	234334	0
FFQ	35	16	3161	7384	8210	7454	8831	7019	8596	9422	9037	10905	11557	12965	14181	18236	17890	17903	17503	20578	23687	27258	26237	31731	40689	44797	44703	60127	69717	79034	93317	148459	162745	274490	495141	1475690	2315744	1326830	1801712	956032	1586946	234136	0
FFQ	36	14	3203	7236	8127	7220	8610	7174	8672	9452	8900	10850	11549	13152	14280	18148	18053	18113	17720	20604	23541	27165	26333	31839	40977	45209	44485	60676	69391	78896	93638	148971	163943	275387	497856	1485433	2326495	1328762	1784921	948529	1583390	232779	0
FFQ	37	15	3376	7352	8413	7396	8954	7119	8843	9601	9121	11062	11809	13425	14577	18554	18264	18271	18088	20720	24117	27724	26830	32362	41376	46003	44957	60888	70932	80046	93929	150500	165122	277740	500975	1482914	2316878	1321848	1786926	954460	1578355	229451	0
FFQ	38	16	3342	7448	8439	7434	9137	7138	8705	9710	9155	11220	11810	13297	14219	18737	18206	18336	17983	20814	23784	27511	26945	32034	41308	45691	45080	60722	70860	80496	94403	150475	165305	277220	499400	1480560	2305147	1325567	1780695	958794	1589308	232483	0
FFQ	39	11	3185	7600	8394	7678	9058	7186	8990	9707	9097	11175	12108	13620	14424	18493	18619	18454	18159	21259	24573	27859	27409	32352	41993	46177	45424	61633	71011	80863	95599	151039	166874	279388	503237	1484897	2307121	1336127	1783225	953813	1562929	227873	0
FFQ	40	15	3347	7553	8386	7458	8994	7155	8999	9765	9115	11253	12133	13476	14544	18840	18600	18467	18241	21029	24363	27653	27002	32470	41845	46090	45342	61950	71157	81074	95292	152662	166866	281216	506522	1485455	2303385	1330232	1768380	952866	1578505	230578	0
FFQ	41	16	3295	7682	8737	7749	9150	7496	9218	9879	9368	11283	12275	13834	14952	18805	18870	18964	18420	21257	24595	28137	27286	33033	42450	46651	46005	62210	72115	82070	96074	153431	167373	280872	506764	1482566	2286946	1336663	1777529	958846	1567882	227135	0
FFQ	42	12	3412	7833	8663	7802	9542	7717	9297	10124	9566	11663	12322	14025	15186	19118	18718	19172	18773	21662	24814	28426	27632	33520	42884	47184	46352	62542	72997	82131	96952	154112	168468	284056	511068	1489837	2296043	1345170	1761510	946778	1554801	225633	0
FFQ	43	9	3454	7904	8948	7930	9687	7435	9336	10147	9529	11766	12439	13979	15038	19560	19349	19265	18707	21653	24958	28705	27922	33639	43083	47736	46645	63480	72815	82875	97598	154670	169709	285078	513123	1490737	2294476	1343001	1767680	948030	1544541	220495	0
FFQ	44	14	3473	7794	9016	8048	9547	7636	9538	10214	9641	11615	12426	14297	15461	19865	19510	19437	18945	21889	25270	29014	28131	33591	43317	47469	46734	63684	73489	82874	97734	155887	169533	285865	515570	1488093	2279614	1341315	1762333	956552	1550302	222043	0
FFQ	45	10	3473	7951	9183	8049	9668	7695	9602	10296	9782	11986	12785	14172	15530	19864	19547	19017	18963	22251	25395	29304	28116	33753	43323	47770	46965	64329	73632	84082	98465	156465	171930	288123	516928	1493395	2288135	1347110	1764987	949081	1529492	215838	0
FFQ	46	9	3612	8180	9097	8109	9766	7685	9655	10498	9665	12061	13003	14382	15781	20074	19865	19534	19542	22243	25554	29216	28508	34277	43347	48286	47297	64261	74211	83977	99217	157064	171480	289394	518985	1489311	2278813	1343305	1754277	950328	1544017	218191	0
FFQ	47	8	3513	8180	9202	8436	10066	7940	9870	10548	10144	12280	13097	14539	15920	20411	20170	19869	19440	22688	25967	30015	28840	34863	44271	49397	47832	65016	74921	85392	99676	159030	173606	291879	523138	1492988	2267402	1349016	1750657	955820	1524776	214876	0
FFQ	48	18	3556	8337	9382	8266	10110	8160	10019	10653	9926	12165	13075	14680	15937	20445	20124	19955	19623	22753	26230	29844	29208	34531	44649	48971	48243	65203	75474	86156	99962	160325	175087	293923	526354	1495658	2269124	1358001	1742732	945051	1518435	214933	0
FFQ	49	18	3689	8535	9633	8671	10284	8144	10188	10882	10258	12448	13313	14856	16246	20836	20265	20305	20148	23003	26249	30337	29136	34956	45001	49983	48565	65562	76251	86543	101470	161302	175157	295545	529752	1503545	2269249	1345561	1735585	951325	1509256	212777	0
FFQ	50	10	3665	8612	9798	8771	10373	8311	10319	10993	10448	12732	13782	14905	16384	20937	20576	20732	20144	22927	26827	30438	29492	35469	44961	50123	48875	66659	76549	87478	101678	161841	176998	297102	530390	1495059	2251200	1352140	1731500	955466	1516269	213474	0
FFQ	51	11	3767	8591	9782	8581	10415	8340	10295	11209	10493	12609	13605	15141	16511	21106	20774	20552	20242	22903	26579	30765	29502	35484	45997	50427	48927	66335	76320	87209	102487	162558	178115	298136	532532	1498195	2255456	1356759	1729013	950770	1507313	210102	0
FFQ	52	6	3808	8698	9919	8869	10667	8448	10346	11210	10625	13062	13598	15193	16651	21350	20730	20621	20331	23173	26945	30877	29832	35509	45782	50739	49496	66594	77389	88576	102955	163559	177748	300325	537465	1504307	2249966	1356081	1723635	947479	1500764	210056	0
FFQ	53	12	3768	8669	9989	8902	10725	8594	10610	11294	10600	12905	13647	15334	16961	21499	20988	20631	20452	23659	27370	31134	29775	36215	45968	50744	49712	67658	78318	88511	102847	164076	178995	299693	535071	1495494	2238427	1357326	1728516	957033	1503403	207241	0
FFQ	54	11	3907	9283	10202	9163	10851	8812	10756	11522	10885	13143	14117	15737	17429	21891	21238	21405	20984	23795	27322	31406	30173	36602	47065	51440	50536	68139	78285	88832	104901	164835	180922	304155	542954	1509771	2248931	1355224	1713092	943300	1485554	203612	0
FFQ	55	7	3944	9177	10350	9300	11140	8851	10835	11578	11118	13438	14168	16021	17346	22021	21693	21262	20905	24179	27852	31450	30868	36561	47019	52141	50890	68563	78691	89894	104583	166341	181628	305645	544685	1510432	2244370	1355500	1714115	946197	1477154	199633	0
FFQ	56	11	3968	9207	10422	9434	11154	8870	10789	11590	10952	13240	14094	15769	17454	21972	21686	21637	21083	24196	27644	31599	30629	37279	47510	52330	50908	68513	79203	90474	104784	167576	182257	306019	545895	1507603	2236912	1355897	1710955	949312	1478609	201427	0
FFQ	57	15	4056	9380	10249	9260	11055	9116	11019	11919	11143	13348	14400	16097	17382	22235	21967	21541	21521	24372	27983	32034	31121	37184	47225	52177	50957	68740	79509	91220	105501	169288	182475	307101	548679	1513072	2241748	1358331	1709117	943466	1465175	197968	0
FFQ	58	8	3920	9504	10556	9412	11316	9076	11235	11941	11280	13761	14654	16213	17679	22603	22104	21711	21447	24659	28165	32551	31172	37680	47566	53096	51776	69607	80548	91803	105951	168416	184710	309650	550569	1508683	2226204	1356366	1697215	948447	1474966	201060	0
FFQ	59	5	4099	9671	10749	9690	11440	9143	11231	11977	11050	13932	14658	16385	17742	22995	22513	22206	21840	24854	28503	32740	31721	37829	48341	53508	51557	70388	80921	92771	106489	170854	185658	310728	553043	1505033	2212028	1365052	1698273	950739	1466238	199723	0
FFQ	60	7	4132	9814	11026	9871	11725	9367	11602	12290	11608	13879	15098	16503	18133	23095	22849	22729	22136	24994	29103	32779	31808	38232	48793	54040	52667	70734	82001	93216	108063	171999	187188	315547	560630	1517759	2215924	1362127	1680336	945601	1450402	197381	0
FFQ	61	10	4157	9905	11113	10215	11795	9374	11661	12300	11740	14212	15047	16700	18302	23360	22976	22674	22557	25364	29045	33437	32296	38459	48905	54646	52871	71576	82734	93975	109198	173278	188227	315902	562615	1518510	2212592	1362891	1680785	945307	1441227	194087	0
FFQ	62	4	4030	10011	11157	10165	12095	9681	11853	12782	11932	14267	15255	16924	18621	23558	23235	22464	22571	25301	29393	33626	32480	38634	49558	54844	53433	71895	82885	94756	109008	174041	188521	317778	562411	1513119	2200181	1364893	1677631	948994	1446170	194521	0
FFQ	63	9	4226	10338	11306	10168	12022	9547	11660	12793	11746	14503	15530	17098	18526	23810	23466	22810	22838	25697	29586	33785	32257	38876	49914	54847	53700	71920	83207	94815	109835	173831	189762	319351	565494	1523546	2208413	1368866	1677055	941943	1424455	189584	0
FFQ	64	5	4195	10195	11394	10391	12198	9670	11919	12689	11848	14515	15609	17279	18868	23926	23633	23051	22984	25579	29767	34050	32535	38920	50004	55634	53693	72662	83899	95171	110406	175723	190563	319941	568187	1524294	2207816	1359938	1668497	940337	1429012	190508	0
FFQ	65	5	4392	10220	11451	10261	12229	9424	12006	12887	11953	14639	15702	17243	18870	23967	23746	23053	22740	26300	29779	34415	33021	39538	50182	55599	53842	72947	84420	95464	110992	176581	190615	321381	568950	1520333	2195721	1362890	1670600	945589	1427034	188919	0
FFQ	66	3	4687	10523	11753	10488	12608	9770	12110	12983	12240	14959	15695	17596	19152	24102	24027	23514	23392	26056	30177	34553	33525	39488	50842	56161	54140	73780	84568	97165	111920	177894	192537	324675	574535	1523460	2193121	1371059	1659154	936107	1416785	186766	0
FFQ	67	7	4558	10571	11886	10710	12769	9884	12412	13432	12498	15018	15991	17957	19236	24881	24346	23675	23575	26726	30520	34893	33821	40403	51642	56942	55679	74096	86432	98035	112733	178814	193595	326767	578006	1524980	2186620	1371832	1654580	938693	1403391	183538	0
FFQ	68	8	4574	10855	12312	10865	12792	10035	12708	13398	12616	15038	16263	17847	19565	25118	24749	24228	23843	26746	30509	35733	33798	40422	52238	57836	55616	74987	86561	98772	112998	181167	195149	328957	579054	1523256	2173578	1367937	1647773	944204	1405129	184842	0
FFQ	69	8	4589	10940	12189	10966	13182	10091	12648	13639	12880	15196	16172	18096	19774	24939	24905	24356	24016	27206	31018	35509	34117	40835	52005	57912	55812	74619	87033	98816	114312	180858	196976	329877	580998	1528062	2178780	1373962	1646426	936172	1390891	181004	0
FFQ	70	11	4833	11472	12535	11505	13750	10626	13364	14146	12988	15616	16902	18297	20553	26084	25440	24582	24634	27692	31597	36372	34966	41721	53092	59187	56847	76399	88290	100458	115231	183899	198455	334801	588292	1528484	2163371	1366347	1630121	939627	1387317	179141	0
FFQ	71	2	4894	11348	12816	11394	13582	10612	13095	13889	13173	15789	17036	18424	20165	25717	25450	24463	24623	27507	32250	36170	35132	41716	53152	59189	56707	76329	88681	100765	116274	185383	200307	334347	588289	1524883	2156032	1373496	1629058	942291	1382867	178731	0
FFQ	72	6	5126	11691	12922	11750	13913	10729	13285	14195	13308	16107	17250	18912	20525	26270	25969	25342	24972	27995	32419	36969	36198	42098	54116	60185	57733	77231	89522	102720	116380	185989	200728	337152	591827	1527527	2152615	1372690	1622912	933823	1375047	176680	0
FFQ	73	9	4997	11738	13025	11983	13844	10830	13342	14335	13302	16545	17310	19016	20934	26452	26211	25199	25371	28396	32558	36934	35650	42426	54580	59724	57927	77990	90129	102488	117306	185712	201996	339444	594665	1529641	2149831	1375518	1619439	932576	1365495	174359	0
FFQ	74	8	5059	11779	13454	12130	14377	10929	13632	14872	13724	16377	17670	19075	21133	26995	26720	25754	25455	28527	32916	37872	35743	41934	55081	60589	58315	78357	89855	103355	118092	187880	203462	341173	597867	1532906	2144664	1375442	1611766	932035	1356308	171997	0
FFQ	75	6	5185	12041	13610	11849	14360	11128	13742	14631	13817	16925	17428	19433	21205	27240	26390	25866	25543	28879	32944	37769	36458	43177	54942	61243	58506	78461	91583	104518	119238	188614	205088	343635	599799	1539080	2151228	1375412	1607075	926228	1338415	168435	0
FFQ	76	8	5133	12060	13681	12296	14510	11222	13817	14768	13848	16894	17926	19691	21531	27351	26653	25812	25619	29146	33142	37687	36710	43044	55113	60618	59059	78819	91649	104278	119684	188889	204811	343487	601021	1533054	2138243	1378394	1604416	927184	1346091	169280	0
FFQ	77	11	5372	12558	14095	12487	14903	11735	14353	15236	14156	17238	18178	20024	21980	28010	27586	26652	26172	29832	33807	38605	37244	44035	56091	62473	60161	80472	92172	105848	120782	191007	207590	347096	607195	1528449	2124294	1378388	1598345	927457	1334383	165668	0
FFQ	78	8	5393	12264	14106	12555	14718	11576	14099	15069	13927	16938	18082	20136	21880	27879	27801	26400	26319	29351	34454	38765	37021	44013	56064	62619	60053	80332	93347	106373	121380	192345	208252	349535	609890	1535287	2125274	1378673	1589005	924939	1326360	164715	0
FFQ	79	3	5413	12584	14500	12676	15116	11811	14489	15320	14380	17517	18487	19994	22615	27845	27981	27025	26675	29853	34351	39400	37401	44219	56573	62576	60241	81749	93757	106670	122416	194631	209428	350421	612444	1539179	2116132	1367037	1582910	930021	1322357	163918	0
FFQ	80	5	5571	12965	14304	12797	15313	11688	14462	15686	14445	17396	18531	20109	22334	28622	28014	27127	26961	29863	34415	39247	37530	45225	57052	63272	60771	81580	94131	107632	122059	195101	211038	353377	613297	1529368	2105396	1373249	1581810	928350	1322761	163568	0
FFQ	81	2	5595	13385	14887	13319	15859	12188	15291	16059	15195	18037	19029	21170	23501	29170	28823	28110	27497	30678	35324	40204	38225	45759	58031	64807	62095	83059	96271	108936	124960	198181	213349	357904	619583	1536100	2095376	1375608	1565595	924390	1299201	159400	0
FFQ	82	7	5644	13283	14860	13191	15627	11945	15071	16198	14918	17934	19097	20621	23027	29284	28742	27581	27286	30979	35330	39657	38743	45917	58524	64639	61863	83414	96314	109552	125244	198147	213425	357811	619864	1535996	2090692	1371347	1560566	924811	1306339	159895	0
FFQ	83	5	5632	13243	14889	13272	15878	12114	15256	16086	14905	18261	19255	21090	23302	29466	28814	27772	27763	30832	35409	40327	38673	45933	58290	64746	61565	83545	95752	109875	124881	197537	213443	357102	618941	1535077	2086731	1372884	1564222	926348	1298499	158474	0
FFQ	84	11	6032	13769	15738	13981	16073	12633	15707	16537	15360	18561	19592	21776	23830	29865	29585	28337	28287	31865	36559	41293	39367	46583	59560	65886	63462	84417	97698	112154	126837	200359	217023	362851	626631	1538906	2083773	1377639	1545963	913627	1277061	153131	0
FFQ	85	5	5926	13788	15569	13890	16389	12472	15785	16790	15609	18718	20081	21640	23807	30491	29768	28627	28381	31837	36230	41592	39887	46673	59652	65867	63254	84534	98362	111693	127460	201172	216821	363651	628908	1541304	2081556	1371721	1543679	914853	1269193	152449	0
FFQ	86	6	6150	14289	15925	14139	17019	12881	15798	17075	15889	19189	20051	21804	24361	30518	30685	28819	28771	31750	36895	41532	40334	47493	60858	66440	64002	85637	99357	112460	128335	202911	218690	366683	633615	1536439	2068703	1375774	1534757	914915	1259588	150987	0
FFQ	87	15	6024	14503	16239	14499	17051	12960	16349	17204	16157	19221	20441	22519	24569	31277	30532	29244	28895	32613	36999	42005	40605	47838	60960	67045	64418	86430	99821	113317	129516	203718	220132	369178	634856	1539609	2067775	1378479	1528840	906564	1246459	147766	0
FFQ	88	9	6335	14722	16440	14753	17342	13490	16591	17834	16645	19758	20775	22960	25191	31883	30993	29928	29130	33000	37619	43009	41162	48663	61832	68177	64986	87557	100388	114230	129958	205766	221849	371341	639300	1538007	2055694	1372598	1517815	907543	1241294	146876	0
FFQ	89	9	6331	15014	16626	14693	17186	13329	16516	17469	16465	19527	20850	22993	25239	31504	31152	29364	29657	33001	37832	42735	41148	48597	62179	68438	66215	86641	100864	115274	130261	206109	222843	371568	639628	1536310	2045892	1373666	1512738	908087	1243615	146056	0
FFQ	90	7	6373	14733	17108	14955	17712	13365	16788	18178	16628	19841	21181	23190	25677	32019	31543	30089	30026	33161	38133	42781	41465	48616	62327	68736	65724	88346	101864	116172	131037	207567	223506	374577	641782	1537893	2041169	1376293	1507394	902379	1228482	143991	0
FFQ	91	7	6588	15195	17203	15285	18093	13689	17035	18283	17073	20425	21499	23375	25919	32507	32015	30522	30286	33671	38393	43855	42042	49351	62622	69529	66907	88984	102661	116699	132235	208948	225052	375662	644384	1537691	2030859	1366847	1498396	903536	1222872	142897	0
FFQ	92	7	6813	15476	17591	15609	18559	14111	17575	18562	17208	20972	21533	23763	26167	33088	32392	30803	30722	34338	38933	43975	42414	50196	63023	70019	66775	89785	103230	117522	133366	210714	226558	378510	647984	1534311	2017906	1367311	1488383	900446	1220587	140089	0
FFQ	93	7	6724	15817	17311	15578	18332	14066	17689	18533	17219	20844	21993	23761	26513	33297	32914	30613	31240	34503	39619	44134	43009	50473	63343	70675	67235	90286	104425	118152	134329	211654	227760	381607	652263	1538750	2016552	1369702	1479200	896901	1198311	138033	0
FFQ	94	3	6809	15768	17867	15864	18822	14058	17453	18915	17731	21127	22129	24467	26734	33256	32824	31416	31062	34253	39155	44877	42887	50319	63908	70663	67399	89837	104015	118757	134273	211867	227797	381035	651932	1540280	2016988	1355853	1467406	894580	1193967	137438	0
FFQ	95	4	7051	16350	18203	16189	19378	14695	18049	19085	17853	21332	22848	24724	27198	33914	33710	31477	31790	35022	39618	45413	42879	50591	64913	71819	68485	91118	105511	119526	136018	213031	229791	383704	655743	1537136	1999666	1365693	1466622	887944	1175782	132964	0
FFQ	96	2	6927	15963	18164	16148	18905	14459	17844	19135	17649	21433	22316	24988	27127	33960	33124	31296	31444	34863	40115	45132	43433	50696	64809	70910	67913	90891	105150	119874	135553	214219	229840	384602	656951	1535526	2003873	1366132	1456847	884001	1175196	132190	0
FFQ	97	2	7107	16590	18410	16464	19698	14676	18226	19664	17964	21931	22919	25440	27834	34532	33817	31997	32142	35423	40320	45880	43786	51149	65488	72397	69179	92256	106761	120688	136278	216373	232002	388244	659133	1532988	1988421	1363074	1449218	884568	1162846	130096	0
FFQ	98	1	7402	16855	18593	16501	19642	14814	18518	19987	18130	21942	23238	25431	28049	34721	34133	32402	32639	35668	40472	46529	44067	52316	66156	72963	69811	92029	106940	121929	136997	216487	232743	389764	662323	1532495	1981068	1361483	1441438	881473	1154971	129076	0
# Last Fragment Qualities. Use `grep ^LFQ | cut -f 2-` to extract this part.
# Columns correspond to qualities and rows to cycles. First column is the cycle number.
LFQ	1	0	349	1360	3569	3250	3197	2274	2936	3325	2998	4074	3764	4595	4932	7896	7499	9820	9638	10773	12569	13890	15472	18366	25249	29069	28253	40451	48940	54946	73498	116217	132894	254171	413050	1152036	1775737	851889	2068015	1676320	2235732	407057	0
LFQ	2	0	432	1950	3715	3127	3911	3359	3965	4961	4145	5863	5913	7220	7540	10931	10812	10918	10855	13172	14872	17915	17423	21927	28637	31741	32747	44292	54003	57591	77571	120958	146043	278517	528387	1873141	3065831	655100	1575551	925598	1550737	298699	0
LFQ	3	0	925	2987	4318	3371	3797	3199	3985	4527	4197	5486	5731	6789	7169	10637	9527	11300	10959	12601	15302	17025	18089	21916	29407	32930	34001	46236	54335	60763	79288	120800	137606	234731	386567	1305954	2418357	971729	2063875	1134847	1890301	344506	0
LFQ	4	1	1439	3445	4030	3372	3856	3473	4038	4428	4357	5527	5725	6839	7445	10859	9732	11114	10723	12387	15409	16748	18418	22072	29363	32379	34232	45711	54384	61880	78127	119828	138349	234223	394521	1289995	2469614	1195953	2224730	945517	1687000	308827	0
LFQ	5	1	1648	3418	3809	3114	3782	3288	3871	4326	4182	5194	5624	6550	7258	10147	9686	10252	10318	11891	14693	16640	17199	20803	28311	30744	31892	43458	52474	59301	74597	117847	137596	244626	427755	1435067	2681524	1199021	2131645	851365	1512159	292994	0
LFQ	6	0	1619	3308	3803	3088	3673	3328	3932	4437	4261	5467	5761	6857	7278	10714	9866	10161	10416	12431	14756	17212	17131	21097	28445	31381	32542	43965	53362	59690	76174	119720	139967	252002	436196	1454561	2662939	1115757	2081876	872644	1587598	300655	0
LFQ	7	0	511	2019	3184	2876	3886	3406	4106	5050	4534	6023	6394	7876	8610	11780	10730	10550	10639	13230	15171	18734	16826	22014	28541	30973	33236	43869	55309	60056	79074	126758	154148	303236	556842	2002811	3414142	769611	1600845	638554	1221332	222584	0
LFQ	8	0	837	3144	4297	3611	4439	3811	4436	5068	4877	6326	6570	7795	8573	11893	11277	11289	11993	14342	16353	19890	18942	24141	31648	34305	36464	48522	59131	64211	84653	130587	150574	274664	473843	1592190	2722956	858460	1829430	945426	1681422	307680	0
LFQ	9	0	915	3414	4684	3784	4690	4102	4877	5548	4864	6781	7123	8522	9225	13211	11904	12314	12242	15354	17535	21338	19897	25507	33375	35815	39104	51537	61804	66648	87678	136304	156988	284013	486582	1629637	2707848	849218	1762612	937431	1686879	298766	0
LFQ	10	1	2166	4265	4445	3948	4786	4137	4942	5537	5415	6562	7004	8075	8985	12253	11904	11911	12020	13842	16980	19530	19961	23688	31778	35441	36426	48652	57967	68353	82177	130526	150948	267172	455391	1444603	2618737	1365579	2178330	743090	1342750	259793	0
LFQ	11	1	1965	4171	4904	4151	4860	4210	5151	5871	5430	6801	7274	8420	9327	13424	12471	13032	13102	15095	18316	21048	20954	25902	34421	37948	38725	52660	62108	70299	88047	135233	152989	265719	433946	1321279	2315817	1174059	2111536	990814	1707293	311297	0
LFQ	12	0	1374	3977	5084	4244	5314	4570	5403	6214	5682	7321	7670	9157	10052	13878	12941	13469	13598	16056	18653	22111	21443	27091	35377	38190	40566	53380	64239	71192	90061	139696	160387	286969	483217	1554490	2639211	1014391	1906187	880078	1556636	280501	0
LFQ	13	0	1492	4073	4837	4102	5058	4412	5168	5913	5465	6978	7778	8821	9707	13313	12562	13094	13071	15817	18068	21544	21181	25818	34550	37512	39083	51959	62850	69643	87363	136890	158760	285666	488159	1582218	2716092	1045052	1908573	838690	1485560	273178	0
LFQ	14	0	1479	4141	4882	4092	5163	4344	5205	5778	5386	6723	7417	8653	9612	13322	12432	13069	13152	15370	18082	21203	20800	25910	34160	37759	39385	51997	62702	70178	87990	136401	158991	284785	488096	1572397	2687384	1056581	1918876	841719	1501094	273360	0
LFQ	15	0	1638	4254	5079	4165	5211	4454	5234	6130	5517	7268	7571	9002	9854	13980	12904	13551	13309	15772	18554	21768	21275	26487	35106	38496	40025	53158	64147	70823	89769	138630	160087	283299	478379	1516069	2589637	1088355	1954417	872487	1545654	278555	0
LFQ	16	0	1901	4544	5336	4447	5569	4760	5649	6472	5994	7582	8022	9415	10324	14255	13407	13881	14012	16577	19424	22340	22619	27378	36130	39566	41409	54434	65538	73463	91775	141974	162664	287164	484255	1495598	2544067	1111029	1962118	878304	1535956	280718	0
LFQ	17	0	1863	4779	5568	4574	5602	4769	5676	6614	6205	7816	8284	9559	10568	14518	13540	14032	14119	16797	19727	22770	22561	27843	36688	40027	41613	55393	66342	73941	92520	143187	165029	286523	482221	1497788	2541040	1114066	1957667	877208	1535254	275779	0
LFQ	18	0	2010	4943	5619	4713	5651	4961	5943	6537	6175	7727	8355	9606	10712	14657	13767	14532	14273	17142	19873	23087	22861	28235	37104	40800	42439	56138	66996	74759	93865	143935	164844	288153	482354	1487128	2521633	1117933	1953923	881677	1548279	276731	0
LFQ	19	1	2093	5094	5826	4764	6041	5174	6257	6862	6373	7978	8572	9961	11038	15184	14101	14763	14644	17213	20386	23871	23701	28722	37691	41551	42998	56764	67652	75763	94867	146035	166134	289000	484191	1482659	2503383	1127652	1962136	885415	1535282	272278	0
LFQ	20	0	1914	4963	5951	4898	6055	5251	6226	6967	6475	8143	8468	9951	10892	15261	14356	14767	14859	17444	20773	23564	23638	28576	37912	41541	43066	57218	67947	76040	94521	146049	168487	291226	487393	1489296	2513337	1129030	1950480	878513	1526393	272229	0
LFQ	21	1	2112	5104	6141	5168	6245	5379	6406	7097	6573	8386	8893	10472	11307	15449	14618	15138	15094	17838	20509	24460	23934	29731	38673	42268	44247	58053	68838	77346	96594	148062	169810	292950	489084	1486135	2491171	1132144	1950387	882085	1527433	268735	0
LFQ	22	1	2121	5179	5943	5198	6002	5160	6227	7004	6622	8170	8997	10243	11352	15571	14618	15138	15069	17913	20773	24059	24177	29307	38440	42245	43658	57534	68370	77314	95286	147118	168848	293844	490417	1482593	2495328	1143236	1950495	879148	1521312	270040	0
LFQ	23	1	2158	5331	6184	5110	6303	5379	6393	7253	6843	8402	9016	10390	11411	15689	14703	15308	15225	17945	20896	24430	24724	29689	38539	42360	44320	58369	69412	77224	96621	148964	170542	296885	496567	1497984	2507992	1141184	1943255	871186	1496720	263163	0
LFQ	24	0	2076	5251	6134	5047	6462	5438	6397	7226	6870	8331	9153	10433	11529	15846	14892	15121	15409	17861	20927	24402	24247	29623	38580	42882	44069	58000	69609	78510	97208	149816	170179	296521	497201	1494045	2494132	1145055	1942474	872268	1504182	266664	0
LFQ	25	0	2131	5268	6100	5329	6321	5399	6442	7231	6881	8577	8945	10649	11626	15822	14908	15236	15421	18368	21198	24647	24718	29924	39636	43207	44543	58521	70046	78436	97729	150526	171799	297274	496385	1485915	2475499	1151133	1942315	879433	1509428	267104	0
LFQ	26	0	2259	5561	6337	5365	6575	5504	6642	7515	6784	8844	9340	10598	11989	16028	15222	15740	15795	18485	21511	24995	24898	30319	39658	43411	44413	58965	70553	79001	97853	150715	172609	299716	501245	1500936	2493027	1148931	1926673	870140	1492362	263556	0
LFQ	27	0	2248	5723	6503	5354	6663	5678	6867	7550	7030	8963	9436	11015	12014	16380	15444	15931	15874	18587	21809	25466	25578	30464	40191	43805	45466	59644	71322	79885	99388	152547	175528	303783	505218	1494913	2472206	1146251	1918806	877209	1501708	261623	0
LFQ	28	0	2375	5700	6595	5526	6796	5721	6778	7778	7060	8941	9517	10951	12123	16591	15438	16001	16167	18788	21685	25602	25554	30512	40302	44516	45678	60604	71271	79963	99341	153329	174902	303711	505234	1496399	2467446	1154151	1915087	873704	1501002	261231	0
LFQ	29	0	2393	5784	6768	5670	6904	5745	7036	7876	7188	9252	9868	11450	12567	16869	15786	16163	16166	19219	22313	25908	25716	31299	41042	44663	45800	60887	72348	81239	99952	154855	176520	303945	507175	1496224	2468882	1153939	1909750	875813	1491642	257454	0
LFQ	30	1	2439	5962	6915	5842	7186	6069	7125	7985	7424	9418	10059	11484	12739	17062	15918	16627	16570	19532	22730	26326	26146	31972	41080	45288	46861	61145	72591	81783	101331	155235	177626	306611	510903	1498882	2456449	1153525	1901697	874376	1494146	257010	0
LFQ	31	0	2436	5920	6985	5934	7156	6053	7385	8078	7662	9649	9867	11566	12802	17326	16253	16802	16752	19437	22746	26569	26720	31996	41486	45332	46864	61847	73034	82709	101816	156599	178548	309078	511384	1490998	2444856	1168373	1912215	872119	1482823	253895	0
LFQ	32	0	2436	6010	7006	5964	7295	6117	7337	8027	7627	9510	10360	11698	12784	17509	16300	16737	16758	19594	22943	26578	26344	31892	41953	45519	47388	61499	73877	83000	102158	156508	179583	309784	515187	1506784	2460904	1163951	1899340	862750	1471269	251790	0
LFQ	33	0	2519	6046	6905	5820	7185	6088	7272	8144	7609	9476	10139	11438	12719	17160	16231	16485	16964	19329	22879	26515	26432	32164	41604	45133	47572	62310	74047	83269	102220	157273	179144	309145	512771	1493901	2436703	1168930	1906573	874767	1486605	252584	0
LFQ	34	0	2543	6176	7153	5919	7225	6108	7264	8266	7579	9753	10227	11551	13011	17513	16802	16826	16799	19844	23030	26687	26429	31735	41868	45630	47728	62197	74534	83409	102319	157745	180845	312556	516924	1497041	2438481	1174000	1901654	867402	1475573	251724	0
LFQ	35	0	2586	6228	7213	6124	7555	6309	7391	8451	7737	9878	10203	12064	12982	17458	16480	17212	17384	20218	23196	27211	26978	32552	42778	46268	48408	62998	74746	83751	103817	158718	181209	311376	519929	1499747	2436017	1178701	1897558	866163	1466166	248310	0
LFQ	36	2	2556	6356	7461	6250	7605	6223	7580	8564	8009	10033	10631	11870	13424	17807	16701	17246	17514	20366	23402	27451	27171	32591	42850	46699	48341	63749	75749	84813	104492	159770	181850	314234	520711	1492930	2418404	1175588	1893622	872791	1476168	250119	0
LFQ	37	6	2663	6482	7472	6347	7761	6509	7560	8540	8014	10083	10447	12156	13314	17803	17054	17542	17352	20293	24050	27238	27472	33104	42913	47342	48402	64357	76103	84964	104757	160252	183369	315529	522518	1493782	2418571	1181551	1888731	874393	1465053	247444	0
LFQ	38	2	2598	6536	7429	6159	7604	6480	7629	8507	7975	9904	10601	12009	13397	17977	17080	17572	17519	20758	23820	27628	27643	32833	43202	47242	48866	63909	75940	85050	104844	161139	183812	315235	523920	1499370	2420941	1178934	1880800	871582	1466148	248338	0
LFQ	39	1	2763	6884	7643	6421	7709	6470	7836	9016	8322	10038	10792	12577	13585	18109	17251	18051	18065	20767	23841	28307	28103	33578	43618	48293	49420	64595	77075	86417	106337	163097	185418	318434	526411	1496491	2404929	1181646	1876598	873978	1465338	244408	0
LFQ	40	0	2741	6687	7538	6441	7834	6444	7833	8818	8109	10178	10821	12289	13804	18509	17330	17818	17701	20826	24440	28140	28194	33399	43640	48018	49923	65089	76695	86494	106466	162157	185898	319618	526715	1492411	2394952	1194959	1877978	869882	1465333	246152	0
LFQ	41	0	2848	6876	7894	6497	8061	6590	8017	8961	8182	10416	11048	12461	13936	18536	17302	18081	18182	21098	24371	28595	28287	34000	43972	48634	49712	65476	77628	86713	106496	164246	186539	321531	527561	1495767	2396181	1194233	1873893	869137	1456039	243885	0
LFQ	42	0	2866	7072	7938	6786	8289	6891	8325	9260	8539	10644	11146	12991	14159	19172	17892	18393	18552	21724	24920	28994	28616	34413	44964	49059	51155	65981	78856	88384	108696	166053	189251	325279	534733	1500903	2381456	1186962	1857095	871688	1456739	242680	0
LFQ	43	1	2875	7151	8002	6801	8511	6856	8315	9294	8637	10780	11335	13186	14196	19182	18073	18953	18591	21428	25219	28998	29167	35005	45138	49352	51006	66503	78777	88440	108354	166347	189392	325553	536294	1496908	2377734	1193721	1860975	868282	1453958	239840	0
LFQ	44	1	2903	7182	8297	6975	8554	7031	8335	9529	8607	10840	11670	13003	14550	19453	18256	18885	18793	21866	25352	29289	28724	34996	45337	49922	51486	66992	80078	89056	109900	167833	192051	328988	543795	1512458	2389473	1191274	1844798	858917	1434209	237121	0
LFQ	45	0	3101	7448	8543	7043	8899	7123	8806	9722	9053	11057	11877	13784	15097	19872	18792	19183	19258	22469	25844	30149	29816	35668	46027	50459	52526	67412	79852	90326	110659	170325	192500	329651	544168	1499144	2365906	1194602	1846453	868127	1439234	236466	0
LFQ	46	2	3204	7563	8261	7134	8741	7138	8637	9658	8955	11214	11726	13497	14655	19736	18717	19316	19243	22447	25907	30047	29717	35490	46075	50753	51991	67842	80569	90844	110796	169507	192984	330991	542718	1494914	2358029	1209011	1850372	862058	1439915	235702	0
LFQ	47	0	3099	7811	8619	7389	9160	7472	9039	10002	9167	11677	12238	14018	15356	20393	19481	19762	19868	23073	26289	30856	30732	36387	47334	51803	53566	69063	81919	91911	112707	171266	195393	334748	549386	1505805	2363137	1209076	1834085	858750	1411936	231925	0
LFQ	48	0	3160	7620	8620	7330	8901	7259	8981	9893	9116	11362	12092	13690	15146	20066	19103	19410	19606	22495	26110	30273	30515	35993	46606	51308	52467	68835	81141	91448	111933	171555	195335	333328	546291	1501803	2353091	1207362	1834587	866808	1430164	234474	0
LFQ	49	0	3169	7970	8767	7528	9225	7536	9078	10082	9483	11877	12281	14151	15551	20216	19346	19820	19946	22809	26339	31090	30555	36788	47523	52739	53814	69536	82436	92704	113482	173071	196107	335687	551310	1500126	2342091	1214616	1828528	862703	1423493	231255	0
LFQ	50	0	3353	8056	9131	7745	9402	7721	9224	10563	9494	11737	12698	14573	15491	20602	19695	20142	20102	23249	27183	31447	30923	36996	47703	52487	54286	69878	83054	93938	114035	174971	197753	337541	556666	1507027	2346660	1213076	1818168	859403	1409920	228313	0
LFQ	51	0	3281	8153	9099	7696	9357	7734	9377	10226	9616	11776	12748	14398	16051	20874	19590	20399	20290	23508	26816	31616	31130	37419	48261	53106	54548	70642	83596	94150	114628	174727	198631	339472	555623	1505454	2330340	1210544	1816743	864027	1419881	228380	0
LFQ	52	0	3300	8308	9222	7751	9583	7886	9687	10634	9787	12103	12811	14864	16215	21156	19802	20677	20767	23792	27579	31998	31374	37677	48435	53375	54469	71267	83883	94755	115340	174675	199870	340908	559679	1502439	2325977	1217488	1817455	860364	1410547	225483	0
LFQ	53	0	3389	8254	9234	7969	9678	8040	9422	10569	9894	12089	12888	14779	16151	21092	20059	20664	20496	23855	27258	32066	31882	37867	48929	53433	54913	71101	83878	94844	115151	176620	200381	342227	562314	1512969	2334402	1216777	1805629	856934	1400753	223914	0
LFQ	54	0	3340	8347	9479	7984	10094	7982	9686	10698	9973	12536	13070	14937	16443	21544	20370	21051	20735	24244	27897	32338	31882	38282	49621	53972	55405	71893	85598	95298	116798	177779	202078	344733	564625	1511931	2324339	1212873	1798379	856666	1403464	223817	0
LFQ	55	0	3556	8681	9765	8259	10134	8228	9789	10971	10161	12687	13234	15152	16605	21599	20733	21352	21046	24357	28230	32591	32491	38440	49813	54984	55503	72460	85689	96702	116847	178752	202638	346373	564901	1502435	2312569	1222916	1801841	857976	1398686	222398	0
LFQ	56	0	3656	9044	9972	8661	10374	8380	10403	11403	10436	12767	13706	15932	17192	22364	21583	21468	21797	25321	28776	33429	32888	39456	51175	55523	57214	73619	86763	97586	118435	180801	205095	350197	572862	1509775	2301651	1222299	1780667	856874	1391293	220025	0
LFQ	57	0	3866	9240	10544	9043	11028	8711	10695	11880	10618	13523	14213	16329	17833	22991	21945	22423	22240	25987	29237	34225	33820	40110	51851	56529	57997	75020	88605	99470	120859	184388	208130	355168	578160	1507890	2284232	1219389	1771793	858753	1384628	216782	0
LFQ	58	1	3883	9066	10496	8974	10902	8742	10433	11776	10581	13421	14055	16163	17288	23167	21833	22354	22120	25988	29618	33920	33634	39668	51751	56563	58121	75159	88935	99523	119606	183708	207760	354049	576185	1503748	2277182	1227629	1771507	862832	1388008	218930	0
LFQ	59	1	4054	9921	11047	9264	11439	9232	11119	12362	11470	13858	14674	16801	18250	23806	22640	22846	22826	26606	29991	34904	34192	40855	52892	57778	59013	76098	89948	100505	122043	185644	210638	358806	584844	1520426	2277168	1226255	1759336	849917	1361934	212912	0
LFQ	60	0	3808	9496	10795	8991	10983	9004	10753	12160	10978	13779	14280	16554	17911	23380	22250	22292	22544	26226	29660	34808	33756	40782	52210	57373	58620	75554	89225	100558	120851	185529	209674	358045	582387	1509180	2269712	1225391	1756644	860253	1384267	216523	0
LFQ	61	0	4156	9821	10972	9386	11430	9023	11484	12274	11249	13945	14806	16614	18245	24131	22420	22810	22835	26411	30042	34999	34814	40866	53002	57892	59291	76258	90637	102056	121985	186908	211560	359846	584000	1510394	2263965	1235923	1759999	853137	1365177	211261	0
LFQ	62	2	3968	9632	10791	9146	11133	9135	10936	12315	11025	13789	14522	16640	18197	23775	22612	22580	22586	26256	30052	35254	34621	40862	52815	57803	59354	76284	90497	101003	123100	185936	212261	359444	587189	1518009	2272009	1231791	1752314	848960	1365680	210399	0
LFQ	63	2	4026	9922	10909	9342	11282	9055	11145	12342	11144	13954	14649	16583	18235	23733	22470	22866	22906	26515	30336	35163	34599	40977	53302	58171	59287	76802	90752	102053	123339	187296	212488	361466	585458	1512615	2261942	1230988	1749995	856108	1368424	210493	0
LFQ	64	3	4058	10186	11200	9389	11704	9337	11538	12785	11518	14492	15292	17331	18586	24238	22951	23492	23398	26919	30765	35561	35056	41552	53199	59228	59879	77908	91600	103238	124561	189568	214725	363270	590949	1513830	2252940	1235730	1742242	851274	1358552	207460	0
LFQ	65	1	4246	10377	11752	9653	11886	9566	11434	12862	11706	14434	15415	17324	18736	24083	23612	23722	23471	27501	30971	36405	35820	41721	54187	59938	60543	77823	91929	103723	125417	189927	216506	367216	597235	1523746	2259470	1234422	1731700	847515	1337899	204005	0
LFQ	66	0	4255	10694	11773	10029	11959	9547	11697	12857	11797	14508	15621	17301	19157	25023	23514	23886	23603	27322	31284	36451	35767	42572	54769	59606	61569	78618	93236	103947	125760	191180	216582	368184	594095	1517992	2245270	1234126	1727937	852072	1345836	206672	0
LFQ	67	3	4490	10700	12172	10543	12530	10026	11902	13478	12131	15137	15968	18107	19361	24992	24035	24241	24143	27973	31524	37167	36572	42627	55115	60594	62116	79523	94810	105228	127475	193531	220041	371181	599611	1513135	2228145	1242913	1722064	850140	1337565	203132	0
LFQ	68	0	4712	11078	12576	10442	12774	10238	12210	13663	12365	15526	16373	18353	19903	25429	24490	24623	24894	28107	32448	37510	36663	43501	55913	61079	62335	80141	95249	107165	128261	193837	220741	374535	606377	1523480	2234794	1242187	1707371	840642	1323329	198759	0
LFQ	69	0	4826	11141	12549	10398	12842	10248	12242	13798	12530	15335	16242	18320	20125	26089	24786	24763	24873	28701	32707	38267	37147	43446	56472	61972	63542	81117	95166	107205	129636	195851	222095	375604	606958	1513343	2214761	1242218	1706449	850176	1329138	198705	0
LFQ	70	0	4899	11602	12784	10676	13229	10474	12588	14161	12698	15725	16332	18583	20298	26038	25031	25073	25201	28633	32328	38324	37655	44209	57105	62669	62997	81434	96504	107544	130103	197178	222989	376509	609774	1516926	2207193	1244859	1699223	849439	1321355	198701	0
LFQ	71	0	4892	11791	13371	11094	13543	10663	12896	14352	13167	16160	16809	19096	20591	26580	25331	25428	25548	29408	33615	38436	38216	44656	57705	62920	64597	82656	97404	108708	131607	199120	224713	380746	614291	1523464	2205503	1246673	1690372	840587	1305619	193697	0
LFQ	72	1	5039	11943	13329	10953	13331	10654	13143	14163	12866	16112	16753	19215	20702	26741	25414	25700	25770	29491	33185	38993	38071	45004	57785	63000	64309	82427	97495	109449	132166	199138	224808	382411	616403	1521680	2194580	1236469	1678168	845982	1324913	195069	0
LFQ	73	2	5040	12087	13384	11139	13602	10770	13100	14496	13120	16321	17137	19358	21022	26904	25837	25583	25842	29645	34066	39114	38541	45203	58144	63694	64279	82696	98151	110272	132045	201303	227024	383584	618031	1520742	2186584	1246316	1677590	845572	1308413	193467	0
LFQ	74	0	5011	12025	13651	11444	14002	11067	13315	15027	13063	16616	17034	19452	21575	27071	25859	26229	26263	30008	33853	39664	39155	45895	58406	64029	65478	83486	98718	110589	132778	202676	228249	386215	622243	1526150	2188297	1246695	1672767	836732	1294152	190332	0
LFQ	75	0	5116	12437	13852	11592	14139	11253	13557	15180	13627	16705	17533	20122	21475	27440	26604	26436	26835	30529	34351	40573	39261	46490	59111	64689	66175	84328	99554	112549	134084	204061	230671	388692	625229	1526006	2178271	1243622	1660591	840209	1290424	187745	0
LFQ	76	0	5268	12545	13930	11714	14119	11201	13585	15015	13644	16872	17538	20138	21525	27321	26863	26556	26445	30516	34416	40125	39483	46839	59230	64746	65987	83831	99895	112570	134580	203822	231019	388428	626884	1526098	2172656	1252044	1659102	834605	1288382	187092	0
LFQ	77	2	5281	12660	13980	11897	14409	11666	13890	15447	13786	16925	17775	20256	21860	27912	26831	26915	27200	30776	34888	40869	40150	46834	60030	65425	66765	85269	100612	113544	135470	205249	231728	392645	629351	1530085	2172855	1248575	1650854	835742	1271056	184670	0
LFQ	78	0	5372	13076	14464	12210	14575	11670	14159	15712	14124	17193	18281	20598	22042	28607	27319	27206	27454	31379	35776	41344	40653	47518	60639	66267	67526	86180	101695	114961	136154	206274	233146	394322	632647	1524634	2155624	1245461	1642945	839150	1274491	184337	0
LFQ	79	4	5518	13642	14854	12770	15250	11908	14554	16389	14435	17859	18595	21019	22835	28709	27814	27601	27973	31795	35919	41958	41170	48158	61128	67380	68708	87596	103167	115805	138342	208471	235086	398365	634648	1523152	2141077	1251849	1634377	837008	1263219	182001	0
LFQ	80	1	5625	13325	14707	12359	14993	11787	14351	15945	14388	17764	18460	20828	22664	29070	27524	27634	27761	31725	35928	41905	41046	47860	61563	66872	68419	86763	102638	115472	137884	209100	235508	396422	637900	1524783	2137741	1252804	1632571	835040	1266367	180916	0
LFQ	81	0	5748	13678	15192	12720	15370	12221	14763	16351	14711	18022	18944	21078	23137	29450	28019	28107	28216	32444	36712	42511	41309	48262	62289	68121	69365	88002	103573	116643	139108	209973	236626	399083	637250	1522411	2128518	1247110	1623299	838288	1263634	179886	0
LFQ	82	4	6059	14630	15939	13354	15653	12492	15193	17050	15108	18395	19500	22162	23657	30257	28822	28836	28850	32880	36878	43060	42378	49204	63059	68881	69921	89524	105230	118319	141006	212739	238600	403261	642277	1517919	2114854	1251443	1615349	833807	1250893	175931	0
LFQ	83	0	6076	14709	16332	13876	16593	13005	15614	17262	15429	19266	19708	22239	23965	30623	29701	29175	29462	33294	37692	44254	42686	50155	64125	69811	70609	90022	106095	119170	141717	214638	241701	407764	649958	1531352	2118527	1247075	1599896	822689	1227403	172412	0
LFQ	84	1	6020	14723	16348	13728	16591	13043	15793	17193	15471	18948	20115	22302	24233	30694	29557	29218	29686	33758	37905	44034	42663	50336	64020	70240	70842	90508	106205	120310	142963	215900	243142	411081	650637	1526037	2105845	1245452	1590081	829067	1231008	172605	0
LFQ	85	1	6422	15171	16860	13725	17004	13268	16028	17674	15648	18953	20278	22924	24789	31468	30145	29841	29882	33912	38015	44445	43191	50634	64503	70599	71414	91145	107207	120821	142632	216455	243763	410914	653228	1520677	2094882	1256866	1592449	823728	1218693	169783	0
LFQ	86	1	6303	15402	17172	14372	17177	13394	16525	17901	15823	19807	20821	23200	25268	31351	30449	29762	30092	34570	38796	44837	43702	51292	65826	71526	72341	91813	108621	122302	144639	219278	246983	415431	661762	1532302	2095884	1244666	1571821	816858	1205249	166112	0
LFQ	87	0	6505	15657	17140	14189	17481	13461	16242	18340	16213	20017	20413	23340	25285	32083	30602	30232	30461	34563	38727	45275	43905	51248	65504	71536	72772	92801	108427	122369	145720	218230	247517	415008	657979	1526413	2079889	1247502	1573914	824772	1205819	164953	0
LFQ	88	1	6747	16108	17477	14659	17566	13704	16408	18588	16351	20353	21199	23723	25418	32078	31367	30363	30898	35044	39216	45616	44510	52041	65810	72601	73475	92683	110026	122999	146410	220034	248446	418858	662573	1520315	2065734	1255943	1567552	818542	1198321	163467	0
LFQ	89	1	7096	16341	17689	14971	17835	13996	17143	18666	16786	20488	21279	24057	26161	32439	31482	31146	31483	35588	40103	46297	45111	52150	67192	73004	74222	93991	110943	124705	146901	222195	249552	420922	668373	1528461	2070811	1253357	1550295	809907	1180316	159506	0
LFQ	90	13	7063	16574	18152	14804	18194	14203	17029	19210	16884	20653	21702	24259	26139	32845	32071	31390	31529	36087	40370	46446	45440	52832	67483	74057	74210	94463	110758	125088	148383	223523	250828	421232	665499	1522100	2052907	1247790	1548499	814811	1186736	160190	0
LFQ	91	1	7389	17389	18973	15967	18856	14621	17726	19834	17288	21331	22132	25049	27228	33806	32715	31904	32290	36816	40855	48105	46259	53661	68996	74933	76215	96490	112723	126929	149971	226713	254287	427732	671459	1518198	2037655	1249294	1530250	812245	1168464	156703	0
LFQ	92	0	7360	16952	18853	15477	18872	14680	17494	19424	17203	21221	21912	24675	26433	33753	32779	31962	32495	36530	40900	48001	46187	53750	68547	75111	76046	95609	112550	126557	150407	225391	254227	427082	675666	1523992	2041051	1249727	1523976	806863	1162903	155233	0
LFQ	93	2	7388	17374	19082	15935	18886	14666	17804	19524	17350	21688	22329	24828	27021	33978	32905	32015	32307	36709	40901	48153	46690	54262	69209	75312	75932	95892	113531	127664	150932	227143	255496	429989	676439	1521569	2032099	1243109	1517822	810539	1157359	152865	0
LFQ	94	3	7685	17824	19394	15984	19440	14804	18019	20223	17900	21721	22909	25244	27335	34082	33518	32526	32872	36945	41911	48924	46799	54541	70111	76514	77002	97519	114736	129309	152914	228567	257845	432241	678154	1516840	2014738	1249732	1507357	803226	1142960	150412	0
LFQ	95	0	7987	18206	19621	16322	19829	15218	18390	20596	17854	22473	23165	25873	27900	34780	33795	32989	33282	37946	42108	49296	47507	55403	70484	76803	77443	97674	115845	130378	153223	230087	258853	435880	686032	1525353	2016262	1245284	1492931	794585	1124045	146126	0
LFQ	96	2	7992	18499	20057	16642	20072	15393	18748	20879	18417	22333	23397	25848	28065	35173	34154	33138	33601	37930	42315	49413	47945	55330	70668	77589	78427	98625	116381	130639	154057	232291	260241	437536	684536	1516422	1990452	1247836	1489428	798547	1130996	144575	0
LFQ	97	0	8245	18494	20060	16653	20036	15303	18939	20945	18409	22722	23072	26110	28058	35162	34267	33320	33981	38149	42198	49568	48221	55454	71090	77437	78156	98397	116186	130436	154030	231228	259938	435001	682594	1514352	1991033	1248582	1488797	797454	1124978	143915	0
LFQ	98	2405	8563	19333	20913	17263	20656	16173	19311	21701	18934	23096	24114	27018	29058	36256	35400	34366	34542	38612	43394	50610	48895	56893	72314	79331	79630	100416	117798	133237	156707	235103	263454	442197	692898	1521937	1984420	1242086	1468526	782598	1096987	140040	0
# GC Content of first fragments. Use `grep ^GCF | cut -f 2-` to extract this part.
GCF	0.50	30
GCF	1.51	31
GCF	2.51	56
GCF	3.52	110
GCF	4.27	162
GCF	4.77	164
GCF	5.28	242
GCF	5.78	240
GCF	6.53	393
GCF	7.29	539
GCF	7.79	537
GCF	8.29	739
GCF	8.79	740
GCF	9.55	1028
GCF	10.30	1371
GCF	10.80	1372
GCF	11.56	1849
GCF	12.31	2541
GCF	12.81	2543
GCF	13.32	3480
GCF	13.82	3482
GCF	14.32	4783
GCF	14.82	4785
GCF	15.33	6381
GCF	15.83	6387
GCF	16.33	8829
GCF	16.83	8853
GCF	17.34	11882
GCF	17.84	11935
GCF	18.34	15555
GCF	18.84	15603
GCF	19.35	20852
GCF	19.85	20878
GCF	20.35	27203
GCF	20.85	27292
GCF	21.36	35723
GCF	21.86	35788
GCF	22.36	46366
GCF	22.86	46451
GCF	23.37	58639
GCF	23.87	58803
GCF	24.37	72189
GCF	24.87	72399
GCF	25.38	86784
GCF	25.88	87057
GCF	26.38	103944
GCF	26.88	104110
GCF	27.39	123041
GCF	27.89	123445
GCF	28.39	142424
GCF	28.89	142655
GCF	29.40	167005
GCF	29.90	167352
GCF	30.40	190529
GCF	30.90	190989
GCF	31.41	211488
GCF	31.91	211758
GCF	32.41	241752
GCF	32.91	242023
GCF	33.42	242351
GCF	33.92	255310
GCF	34.42	255614
GCF	34.92	269723
GCF	35.43	270001
GCF	35.93	290216
GCF	36.43	290483
GCF	36.93	299618
GCF	37.44	299903
GCF	37.94	319541
GCF	38.44	319818
GCF	38.94	329134
GCF	39.45	329293
GCF	39.95	338593
GCF	40.45	338947
GCF	40.95	355920
GCF	41.46	356208
GCF	41.96	369551
GCF	42.46	369869
GCF	42.96	389660
GCF	43.47	389782
GCF	43.97	404766
GCF	44.47	405271
GCF	44.97	419684
GCF	45.48	419751
GCF	45.98	436865
GCF	46.48	437366
GCF	46.98	443869
GCF	47.49	443840
GCF	47.99	454491
GCF	48.49	454605
GCF	48.99	462398
GCF	49.50	462718
GCF	50.00	462460
GCF	50.50	462154
GCF	51.01	455020
GCF	51.51	455320
GCF	52.01	439465
GCF	52.51	438964
GCF	53.02	412952
GCF	53.52	412447
GCF	54.02	385706
GCF	54.52	385397
GCF	55.03	352999
GCF	55.53	352509
GCF	56.03	312674
GCF	56.53	312230
GCF	57.04	270543
GCF	57.54	269877
GCF	58.04	228261
GCF	58.54	227660
GCF	59.05	188441
GCF	59.55	187837
GCF	60.05	152278
GCF	60.55	151898
GCF	61.06	121235
GCF	61.56	120864
GCF	62.06	94911
GCF	62.56	94490
GCF	63.07	73589
GCF	63.57	73195
GCF	64.07	56383
GCF	64.57	56206
GCF	65.08	42213
GCF	65.58	41999
GCF	66.08	31148
GCF	66.58	30953
GCF	67.09	30866
GCF	67.59	22659
GCF	68.09	22501
GCF	68.59	16578
GCF	69.10	16551
GCF	69.60	11876
GCF	70.10	11810
GCF	70.60	8378
GCF	71.11	8324
GCF	71.61	5714
GCF	72.11	5644
GCF	72.61	3970
GCF	73.12	3947
GCF	73.62	2647
GCF	74.12	2636
GCF	74.62	1934
GCF	75.13	1902
GCF	75.63	1343
GCF	76.13	1346
GCF	76.63	939
GCF	77.14	923
GCF	77.64	584
GCF	78.14	588
GCF	78.64	522
GCF	79.15	509
GCF	79.65	344
GCF	80.15	341
GCF	80.65	144
GCF	81.16	140
GCF	81.66	93
GCF	82.16	92
GCF	82.66	34
GCF	83.17	32
GCF	83.67	22
GCF	84.17	21
GCF	84.67	19
GCF	85.18	20
GCF	85.68	10
GCF	86.18	9
GCF	86.68	2
GCF	87.19	1
GCF	87.94	2
GCF	89.45	1
# GC Content of last fragments. Use `grep ^GCL | cut -f 2-` to extract this part.
GCL	0.50	19
GCL	1.51	15
GCL	2.26	26
GCL	2.76	27
GCL	3.52	46
GCL	4.52	77
GCL	5.28	124
GCL	5.78	125
GCL	6.53	221
GCL	7.54	292
GCL	8.29	450
GCL	8.79	449
GCL	9.30	621
GCL	9.80	620
GCL	10.30	792
GCL	10.80	794
GCL	11.31	1201
GCL	11.81	1203
GCL	12.31	1555
GCL	12.81	1557
GCL	13.57	2223
GCL	14.32	3129
GCL	14.82	3134
GCL	15.33	4197
GCL	15.83	4205
GCL	16.33	6039
GCL	16.83	6056
GCL	17.34	8705
GCL	17.84	8749
GCL	18.34	11899
GCL	18.84	11940
GCL	19.35	16804
GCL	19.85	16845
GCL	20.35	22936
GCL	20.85	23042
GCL	21.36	30497
GCL	21.86	30567
GCL	22.36	40930
GCL	22.86	41019
GCL	23.37	52523
GCL	23.87	52672
GCL	24.37	68226
GCL	24.87	68393
GCL	25.38	83743
GCL	25.88	84044
GCL	26.38	102994
GCL	26.88	103221
GCL	27.39	124193
GCL	27.89	124571
GCL	28.39	146825
GCL	28.89	146986
GCL	29.40	169479
GCL	29.90	169852
GCL	30.40	196551
GCL	30.90	196966
GCL	31.41	224282
GCL	31.91	224629
GCL	32.41	248254
GCL	32.91	248483
GCL	33.42	248980
GCL	33.92	266926
GCL	34.42	267103
GCL	34.92	282952
GCL	35.43	283086
GCL	35.93	303892
GCL	36.43	304161
GCL	36.93	317646
GCL	37.44	317937
GCL	37.94	343151
GCL	38.44	343528
GCL	38.94	367738
GCL	39.45	367948
GCL	39.95	366148
GCL	40.45	366520
GCL	40.95	371240
GCL	41.46	371538
GCL	41.96	383928
GCL	42.46	384310
GCL	42.96	403181
GCL	43.47	403238
GCL	43.97	408055
GCL	44.47	408558
GCL	44.97	416921
GCL	45.48	417016
GCL	45.98	432444
GCL	46.48	432754
GCL	46.98	448118
GCL	47.49	448125
GCL	47.99	458027
GCL	48.49	458256
GCL	48.99	462145
GCL	49.50	462194
GCL	50.00	459724
GCL	50.50	459362
GCL	51.01	446284
GCL	51.51	446324
GCL	52.01	427036
GCL	52.51	426776
GCL	53.02	403764
GCL	53.52	403316
GCL	54.02	369681
GCL	54.52	369395
GCL	55.03	337340
GCL	55.53	336830
GCL	56.03	293594
GCL	56.53	293119
GCL	57.04	255076
GCL	57.54	254523
GCL	58.04	216204
GCL	58.54	215573
GCL	59.05	179437
GCL	59.55	178909
GCL	60.05	144613
GCL	60.55	144220
GCL	61.06	113412
GCL	61.56	112998
GCL	62.06	88247
GCL	62.56	87911
GCL	63.07	67287
GCL	63.57	66897
GCL	64.07	50982
GCL	64.57	50750
GCL	65.08	36502
GCL	65.58	36314
GCL	66.08	26666
GCL	66.58	26519
GCL	67.09	26434
GCL	67.59	19911
GCL	68.09	19751
GCL	68.59	14402
GCL	69.10	14387
GCL	69.60	10571
GCL	70.10	10491
GCL	70.60	7104
GCL	71.11	7053
GCL	71.61	4633
GCL	72.11	4566
GCL	72.61	3090
GCL	73.12	3065
GCL	73.62	2261
GCL	74.12	2243
GCL	74.62	1528
GCL	75.13	1509
GCL	75.63	1205
GCL	76.13	1200
GCL	76.63	709
GCL	77.14	698
GCL	77.64	357
GCL	78.14	356
GCL	78.64	307
GCL	79.15	299
GCL	79.65	206
GCL	80.15	207
GCL	80.90	151
GCL	81.66	94
GCL	82.16	90
GCL	82.66	111
GCL	83.17	112
GCL	83.92	56
GCL	84.67	39
GCL	85.18	38
GCL	85.68	11
GCL	86.18	10
GCL	86.68	4
GCL	87.19	3
GCL	87.94	1
# ACGT content per cycle. Use `grep ^GCC | cut -f 2-` to extract this part. The columns are: cycle; A,C,G,T base counts as a percentage of all A/C/G/T bases [%]; and N and O counts as a percentage of all A/C/G/T bases [%]
GCC	1	15.69	34.82	33.87	15.63	0.04	0.00
GCC	2	27.79	22.50	22.19	27.52	0.04	0.00
GCC	3	24.08	26.19	25.80	23.93	0.00	0.00
GCC	4	28.05	22.23	21.69	28.03	0.00	0.00
GCC	5	29.60	20.60	20.28	29.52	0.00	0.00
GCC	6	30.09	20.20	19.74	29.97	0.00	0.00
GCC	7	31.76	18.51	18.09	31.64	0.00	0.00
GCC	8	25.74	24.61	24.07	25.58	0.00	0.00
GCC	9	25.64	24.62	24.33	25.40	0.00	0.00
GCC	10	31.55	18.71	18.50	31.24	0.29	0.00
GCC	11	25.02	25.28	24.79	24.91	0.00	0.00
GCC	12	26.96	23.29	22.79	26.95	0.00	0.00
GCC	13	28.72	21.53	21.15	28.60	0.00	0.00
GCC	14	28.46	21.76	21.32	28.45	0.00	0.00
GCC	15	27.94	22.26	21.89	27.91	0.00	0.00
GCC	16	27.80	22.40	21.98	27.83	0.00	0.00
GCC	17	27.65	22.53	22.26	27.56	0.00	0.00
GCC	18	27.78	22.44	22.13	27.65	0.00	0.00
GCC	19	27.53	22.66	22.31	27.49	0.00	0.00
GCC	20	27.59	22.55	22.29	27.57	0.00	0.00
GCC	21	27.61	22.63	22.19	27.56	0.00	0.00
GCC	22	27.77	22.51	22.06	27.67	0.00	0.00
GCC	23	27.90	22.37	22.05	27.67	0.00	0.00
GCC	24	27.94	22.27	21.92	27.86	0.00	0.00
GCC	25	27.82	22.46	22.10	27.62	0.00	0.00
GCC	26	27.92	22.37	21.98	27.74	0.00	0.00
GCC	27	27.80	22.48	22.04	27.69	0.00	0.00
GCC	28	27.81	22.46	22.03	27.70	0.00	0.00
GCC	29	27.71	22.58	22.12	27.58	0.00	0.00
GCC	30	27.74	22.46	22.11	27.69	0.00	0.00
GCC	31	27.78	22.48	22.06	27.68	0.00	0.00
GCC	32	27.90	22.37	21.98	27.75	0.00	0.00
GCC	33	27.79	22.43	22.07	27.71	0.00	0.00
GCC	34	27.86	22.35	22.00	27.78	0.00	0.00
GCC	35	27.73	22.46	22.03	27.78	0.00	0.00
GCC	36	27.69	22.43	22.09	27.80	0.00	0.00
GCC	37	27.69	22.51	22.09	27.71	0.00	0.00
GCC	38	27.65	22.46	22.17	27.72	0.00	0.00
GCC	39	27.72	22.53	22.10	27.65	0.00	0.00
GCC	40	27.67	22.48	22.12	27.73	0.00	0.00
GCC	41	27.58	22.50	22.25	27.67	0.00	0.00
GCC	42	27.70	22.51	22.13	27.66	0.00	0.00
GCC	43	27.76	22.49	22.14	27.61	0.00	0.00
GCC	44	27.77	22.43	22.06	27.74	0.00	0.00
GCC	45	27.67	22.46	22.14	27.73	0.00	0.00
GCC	46	27.64	22.52	22.08	27.76	0.00	0.00
GCC	47	27.70	22.46	22.06	27.79	0.00	0.00
GCC	48	27.78	22.46	22.07	27.69	0.00	0.00
GCC	49	27.71	22.53	22.02	27.75	0.00	0.00
GCC	50	27.66	22.48	22.10	27.75	0.00	0.00
GCC	51	27.64	22.54	22.14	27.68	0.00	0.00
GCC	52	27.71	22.49	22.07	27.72	0.00	0.00
GCC	53	27.69	22.51	22.18	27.62	0.00	0.00
GCC	54	27.68	22.43	22.10	27.79	0.00	0.00
GCC	55	27.69	22.52	22.07	27.72	0.00	0.00
GCC	56	27.68	22.52	22.07	27.73	0.00	0.00
GCC	57	27.66	22.52	22.16	27.65	0.00	0.00
GCC	58	27.64	22.59	22.16	27.61	0.00	0.00
GCC	59	27.69	22.48	22.14	27.70	0.00	0.00
GCC	60	27.60	22.54	22.17	27.69	0.00	0.00
GCC	61	27.65	22.55	22.08	27.72	0.00	0.00
GCC	62	27.68	22.54	22.12	27.67	0.00	0.00
GCC	63	27.60	22.56	22.12	27.73	0.00	0.00
GCC	64	27.65	22.54	22.07	27.74	0.00	0.00
GCC	65	27.66	22.48	22.11	27.76	0.00	0.00
GCC	66	27.68	22.46	22.10	27.76	0.00	0.00
GCC	67	27.69	22.54	22.11	27.67	0.00	0.00
GCC	68	27.66	22.52	22.06	27.76	0.00	0.00
GCC	69	27.55	22.52	22.15	27.78	0.00	0.00
GCC	70	27.63	22.59	22.15	27.63	0.00	0.00
GCC	71	27.66	22.52	22.16	27.66	0.00	0.00
GCC	72	27.59	22.55	22.26	27.59	0.00	0.00
GCC	73	27.66	22.52	22.20	27.62	0.00	0.00
GCC	74	27.72	22.42	22.15	27.72	0.00	0.00
GCC	75	27.63	22.43	22.18	27.76	0.00	0.00
GCC	76	27.78	22.42	22.13	27.68	0.00	0.00
GCC	77	27.73	22.50	22.09	27.68	0.00	0.00
GCC	78	27.65	22.50	22.18	27.67	0.00	0.00
GCC	79	27.60	22.57	22.23	27.59	0.00	0.00
GCC	80	27.53	22.51	22.31	27.66	0.00	0.00
GCC	81	27.57	22.64	22.26	27.54	0.00	0.00
GCC	82	27.54	22.60	22.32	27.53	0.00	0.00
GCC	83	27.65	22.52	22.25	27.58	0.00	0.00
GCC	84	27.63	22.55	22.22	27.59	0.00	0.00
GCC	85	27.63	22.58	22.12	27.67	0.00	0.00
GCC	86	27.71	22.45	22.18	27.66	0.00	0.00
GCC	87	27.67	22.62	22.09	27.61	0.00	0.00
GCC	88	27.69	22.55	22.15	27.61	0.00	0.00
GCC	89	27.67	22.55	22.12	27.66	0.00	0.00
GCC	90	27.67	22.56	22.17	27.60	0.00	0.00
GCC	91	27.66	22.58	22.23	27.53	0.00	0.00
GCC	92	27.63	22.58	22.17	27.62	0.00	0.00
GCC	93	27.65	22.56	22.25	27.53	0.00	0.00
GCC	94	27.66	22.63	22.11	27.60	0.00	0.00
GCC	95	27.79	22.50	22.06	27.65	0.00	0.00
GCC	96	27.62	22.50	22.18	27.70	0.00	0.00
GCC	97	27.69	22.65	22.08	27.58	0.00	0.00
GCC	98	27.76	22.47	22.06	27.71	0.01	0.00
# ACGT content per cycle, read oriented. Use `grep ^GCT | cut -f 2-` to extract this part. The columns are: cycle; A,C,G,T base counts as a percentage of all A/C/G/T bases [%]
GCT	1	11.83	36.71	31.97	19.49
GCT	2	16.59	20.77	23.92	38.72
GCT	3	22.04	27.85	24.14	25.97
GCT	4	31.82	22.69	21.23	24.26
GCT	5	32.39	18.40	22.48	26.74
GCT	6	32.49	20.26	19.69	27.56
GCT	7	17.67	21.34	15.26	45.73
GCT	8	20.23	27.76	20.91	31.10
GCT	9	19.93	26.45	22.51	31.11
GCT	10	38.13	16.57	20.64	24.66
GCT	11	26.76	25.53	24.54	23.17
GCT	12	23.98	24.78	21.31	29.93
GCT	13	26.13	21.87	20.82	31.18
GCT	14	26.37	21.94	21.15	30.54
GCT	15	26.77	22.19	21.97	29.08
GCT	16	27.25	22.01	22.36	28.38
GCT	17	27.09	22.45	22.34	28.12
GCT	18	27.38	22.46	22.12	28.04
GCT	19	27.08	22.65	22.32	27.94
GCT	20	27.31	22.46	22.37	27.86
GCT	21	27.32	22.59	22.24	27.85
GCT	22	27.71	22.31	22.26	27.72
GCT	23	27.64	22.15	22.27	27.93
GCT	24	27.94	22.11	22.08	27.86
GCT	25	27.70	22.27	22.29	27.74
GCT	26	27.74	22.05	22.30	27.92
GCT	27	27.53	22.31	22.21	27.95
GCT	28	27.56	22.23	22.26	27.95
GCT	29	27.42	22.27	22.43	27.88
GCT	30	27.48	22.31	22.26	27.94
GCT	31	27.70	22.32	22.22	27.76
GCT	32	27.64	22.14	22.21	28.01
GCT	33	27.72	22.32	22.19	27.78
GCT	34	27.78	22.15	22.21	27.86
GCT	35	27.69	22.18	22.31	27.81
GCT	36	27.67	22.39	22.13	27.81
GCT	37	27.58	22.27	22.33	27.82
GCT	38	27.59	22.20	22.43	27.78
GCT	39	27.65	22.34	22.30	27.72
GCT	40	27.76	22.25	22.35	27.64
GCT	41	27.69	22.30	22.45	27.56
GCT	42	27.68	22.34	22.30	27.68
GCT	43	27.71	22.39	22.24	27.66
GCT	44	27.69	22.19	22.30	27.82
GCT	45	27.68	22.40	22.20	27.72
GCT	46	27.87	22.25	22.35	27.52
GCT	47	27.81	22.15	22.36	27.68
GCT	48	27.87	22.31	22.22	27.60
GCT	49	27.78	22.23	22.31	27.67
GCT	50	27.82	22.19	22.39	27.60
GCT	51	27.76	22.38	22.30	27.56
GCT	52	27.88	22.31	22.26	27.55
GCT	53	27.74	22.25	22.44	27.56
GCT	54	27.71	22.34	22.19	27.76
GCT	55	27.80	22.39	22.21	27.60
GCT	56	27.76	22.25	22.34	27.65
GCT	57	27.64	22.40	22.29	27.67
GCT	58	27.75	22.34	22.40	27.51
GCT	59	27.80	22.20	22.42	27.58
GCT	60	27.65	22.32	22.40	27.64
GCT	61	27.84	22.30	22.33	27.53
GCT	62	27.78	22.26	22.39	27.57
GCT	63	27.70	22.35	22.32	27.63
GCT	64	27.73	22.31	22.30	27.66
GCT	65	27.70	22.21	22.38	27.72
GCT	66	27.79	22.34	22.22	27.65
GCT	67	27.81	22.27	22.38	27.55
GCT	68	27.79	22.09	22.49	27.63
GCT	69	27.77	22.31	22.37	27.55
GCT	70	27.74	22.26	22.47	27.53
GCT	71	27.78	22.24	22.44	27.54
GCT	72	27.62	22.40	22.42	27.56
GCT	73	27.79	22.36	22.36	27.49
GCT	74	27.83	22.21	22.35	27.60
GCT	75	27.68	22.34	22.27	27.71
GCT	76	27.87	22.28	22.27	27.58
GCT	77	27.83	22.18	22.41	27.59
GCT	78	27.74	22.41	22.27	27.57
GCT	79	27.64	22.38	22.43	27.55
GCT	80	27.76	22.34	22.47	27.43
GCT	81	27.65	22.44	22.45	27.45
GCT	82	27.68	22.47	22.46	27.40
GCT	83	27.66	22.28	22.49	27.57
GCT	84	27.66	22.43	22.35	27.57
GCT	85	27.78	22.30	22.40	27.52
GCT	86	27.69	22.16	22.47	27.69
GCT	87	27.71	22.34	22.37	27.58
GCT	88	27.81	22.27	22.43	27.49
GCT	89	27.75	22.19	22.48	27.58
GCT	90	27.80	22.32	22.41	27.47
GCT	91	27.72	22.32	22.50	27.47
GCT	92	27.75	22.26	22.49	27.50
GCT	93	27.66	22.34	22.47	27.53
GCT	94	27.70	22.32	22.42	27.56
GCT	95	27.80	22.15	22.41	27.65
GCT	96	27.79	22.29	22.39	27.53
GCT	97	27.82	22.25	22.48	27.45
GCT	98	27.83	21.96	22.57	27.64
# ACGT content per cycle for first fragments. Use `grep ^FBC | cut -f 2-` to extract this part. The columns are: cycle; A,C,G,T base counts as a percentage of all A/C/G/T bases [%]; and N and O counts as a percentage of all A/C/G/T bases [%]
FBC	1	16.64	33.85	32.97	16.54	0.08	0.00
FBC	2	27.47	22.67	22.52	27.34	0.08	0.00
FBC	3	25.39	24.85	24.61	25.14	0.00	0.00
FBC	4	29.59	20.70	20.42	29.29	0.00	0.00
FBC	5	30.07	20.22	20.00	29.71	0.00	0.00
FBC	6	31.76	18.58	18.24	31.42	0.00	0.00
FBC	7	29.97	20.15	19.77	30.11	0.00	0.00
FBC	8	25.01	25.33	24.79	24.87	0.00	0.00
FBC	9	24.89	25.41	25.05	24.65	0.00	0.00
FBC	10	31.65	18.77	18.51	31.07	0.59	0.00
FBC	11	24.49	25.91	25.36	24.24	0.00	0.00
FBC	12	26.15	24.06	23.49	26.30	0.00	0.00
FBC	13	28.46	21.81	21.37	28.37	0.00	0.00
FBC	14	28.08	22.13	21.69	28.10	0.00	0.00
FBC	15	27.76	22.44	22.04	27.76	0.00	0.00
FBC	16	27.65	22.58	22.13	27.65	0.00	0.00
FBC	17	27.32	22.84	22.48	27.37	0.00	0.00
FBC	18	27.72	22.54	22.15	27.59	0.00	0.00
FBC	19	27.42	22.79	22.45	27.34	0.00	0.00
FBC	20	27.34	22.83	22.49	27.33	0.00	0.00
FBC	21	27.51	22.66	22.29	27.54	0.00	0.00
FBC	22	27.71	22.64	22.15	27.51	0.00	0.00
FBC	23	27.70	22.56	22.28	27.47	0.00	0.00
FBC	24	27.87	22.33	22.02	27.78	0.00	0.00
FBC	25	27.74	22.53	22.20	27.53	0.00	0.00
FBC	26	27.69	22.58	22.16	27.57	0.00	0.00
FBC	27	27.77	22.46	22.13	27.64	0.00	0.00
FBC	28	27.68	22.52	22.19	27.61	0.00	0.00
FBC	29	27.60	22.73	22.29	27.38	0.00	0.00
FBC	30	27.70	22.45	22.22	27.63	0.00	0.00
FBC	31	27.72	22.54	22.21	27.52	0.00	0.00
FBC	32	27.61	22.60	22.17	27.62	0.00	0.00
FBC	33	27.82	22.44	22.13	27.61	0.00	0.00
FBC	34	27.71	22.44	22.15	27.70	0.00	0.00
FBC	35	27.64	22.61	22.24	27.51	0.00	0.00
FBC	36	27.68	22.43	22.09	27.80	0.00	0.00
FBC	37	27.60	22.58	22.16	27.66	0.00	0.00
FBC	38	27.47	22.58	22.35	27.60	0.00	0.00
FBC	39	27.70	22.50	22.19	27.61	0.00	0.00
FBC	40	27.61	22.53	22.21	27.65	0.00	0.00
FBC	41	27.54	22.65	22.36	27.45	0.00	0.00
FBC	42	27.71	22.48	22.11	27.70	0.00	0.00
FBC	43	27.78	22.52	22.12	27.57	0.00	0.00
FBC	44	27.57	22.64	22.28	27.51	0.00	0.00
FBC	45	27.65	22.53	22.11	27.71	0.00	0.00
FBC	46	27.63	22.67	22.18	27.52	0.00	0.00
FBC	47	27.56	22.63	22.27	27.54	0.00	0.00
FBC	48	27.81	22.54	22.04	27.61	0.00	0.00
FBC	49	27.67	22.60	22.10	27.64	0.00	0.00
FBC	50	27.57	22.64	22.26	27.52	0.00	0.00
FBC	51	27.65	22.54	22.17	27.65	0.00	0.00
FBC	52	27.72	22.55	22.09	27.63	0.00	0.00
FBC	53	27.52	22.69	22.38	27.42	0.00	0.00
FBC	54	27.60	22.45	22.16	27.79	0.00	0.00
FBC	55	27.66	22.59	22.16	27.58	0.00	0.00
FBC	56	27.61	22.58	22.20	27.60	0.00	0.00
FBC	57	27.65	22.45	22.16	27.74	0.00	0.00
FBC	58	27.62	22.60	22.20	27.57	0.00	0.00
FBC	59	27.59	22.58	22.34	27.49	0.00	0.00
FBC	60	27.56	22.48	22.21	27.76	0.00	0.00
FBC	61	27.62	22.56	22.14	27.67	0.00	0.00
FBC	62	27.58	22.67	22.24	27.51	0.00	0.00
FBC	63	27.59	22.45	22.16	27.79	0.00	0.00
FBC	64	27.64	22.53	22.14	27.69	0.00	0.00
FBC	65	27.56	22.64	22.24	27.57	0.00	0.00
FBC	66	27.76	22.44	22.07	27.73	0.00	0.00
FBC	67	27.75	22.48	22.13	27.63	0.00	0.00
FBC	68	27.53	22.64	22.24	27.60	0.00	0.00
FBC	69	27.59	22.51	22.13	27.77	0.00	0.00
FBC	70	27.64	22.63	22.17	27.56	0.00	0.00
FBC	71	27.61	22.65	22.25	27.49	0.00	0.00
FBC	72	27.59	22.55	22.23	27.63	0.00	0.00
FBC	73	27.76	22.55	22.14	27.55	0.00	0.00
FBC	74	27.65	22.53	22.22	27.59	0.00	0.00
FBC	75	27.59	22.42	22.12	27.86	0.00	0.00
FBC	76	27.78	22.53	22.13	27.56	0.00	0.00
FBC	77	27.68	22.62	22.19	27.51	0.00	0.00
FBC	78	27.67	22.55	22.12	27.66	0.00	0.00
FBC	79	27.56	22.64	22.22	27.57	0.00	0.00
FBC	80	27.57	22.59	22.34	27.50	0.00	0.00
FBC	81	27.63	22.63	22.23	27.51	0.00	0.00
FBC	82	27.51	22.69	22.26	27.55	0.00	0.00
FBC	83	27.49	22.69	22.32	27.50	0.00	0.00
FBC	84	27.67	22.54	22.16	27.62	0.00	0.00
FBC	85	27.66	22.57	22.18	27.59	0.00	0.00
FBC	86	27.64	22.49	22.28	27.59	0.00	0.00
FBC	87	27.71	22.59	22.02	27.69	0.00	0.00
FBC	88	27.68	22.54	22.19	27.59	0.00	0.00
FBC	89	27.51	22.68	22.25	27.56	0.00	0.00
FBC	90	27.73	22.50	22.18	27.60	0.00	0.00
FBC	91	27.64	22.60	22.24	27.52	0.00	0.00
FBC	92	27.57	22.71	22.26	27.45	0.00	0.00
FBC	93	27.58	22.55	22.22	27.64	0.00	0.00
FBC	94	27.65	22.68	22.08	27.59	0.00	0.00
FBC	95	27.67	22.59	22.18	27.56	0.00	0.00
FBC	96	27.71	22.41	22.16	27.71	0.00	0.00
FBC	97	27.71	22.58	22.11	27.60	0.00	0.00
FBC	98	27.69	22.47	22.24	27.60	0.00	0.00
# ACGT raw counters for first fragments. Use `grep ^FTC | cut -f 2-` to extract this part. The columns are: A,C,G,T,N base counters
FTC	310363346	255120215	250882021	309657015	87928
# ACGT content per cycle for last fragments. Use `grep ^LBC | cut -f 2-` to extract this part. The columns are: cycle; A,C,G,T base counts as a percentage of all A/C/G/T bases [%]; and N and O counts as a percentage of all A/C/G/T bases [%]
LBC	1	14.73	35.78	34.77	14.72	0.00	0.00
LBC	2	28.10	22.34	21.85	27.71	0.00	0.00
LBC	3	22.77	27.52	26.99	22.72	0.00	0.00
LBC	4	26.50	23.75	22.97	26.78	0.00	0.00
LBC	5	29.13	20.97	20.56	29.34	0.00	0.00
LBC	6	28.42	21.82	21.24	28.52	0.00	0.00
LBC	7	33.55	16.88	16.41	33.17	0.00	0.00
LBC	8	26.48	23.88	23.34	26.30	0.00	0.00
LBC	9	26.40	23.82	23.62	26.15	0.00	0.00
LBC	10	31.45	18.65	18.50	31.40	0.00	0.00
LBC	11	25.54	24.65	24.22	25.58	0.00	0.00
LBC	12	27.78	22.53	22.10	27.60	0.00	0.00
LBC	13	28.98	21.26	20.94	28.82	0.00	0.00
LBC	14	28.85	21.39	20.95	28.80	0.00	0.00
LBC	15	28.12	22.09	21.74	28.06	0.00	0.00
LBC	16	27.95	22.21	21.82	28.01	0.00	0.00
LBC	17	27.98	22.22	22.04	27.76	0.00	0.00
LBC	18	27.83	22.34	22.12	27.71	0.00	0.00
LBC	19	27.65	22.53	22.18	27.64	0.00	0.00
LBC	20	27.84	22.26	22.08	27.81	0.00	0.00
LBC	21	27.71	22.61	22.10	27.58	0.00	0.00
LBC	22	27.82	22.37	21.97	27.83	0.00	0.00
LBC	23	28.11	22.18	21.83	27.88	0.00	0.00
LBC	24	28.01	22.22	21.82	27.94	0.00	0.00
LBC	25	27.90	22.39	21.99	27.71	0.00	0.00
LBC	26	28.14	22.15	21.80	27.91	0.00	0.00
LBC	27	27.82	22.50	21.94	27.74	0.00	0.00
LBC	28	27.93	22.40	21.88	27.79	0.00	0.00
LBC	29	27.83	22.43	21.95	27.79	0.00	0.00
LBC	30	27.78	22.48	21.99	27.75	0.00	0.00
LBC	31	27.84	22.42	21.91	27.84	0.00	0.00
LBC	32	28.20	22.15	21.78	27.87	0.00	0.00
LBC	33	27.75	22.43	22.02	27.80	0.00	0.00
LBC	34	28.02	22.26	21.86	27.86	0.00	0.00
LBC	35	27.82	22.32	21.83	28.04	0.00	0.00
LBC	36	27.69	22.43	22.08	27.80	0.00	0.00
LBC	37	27.78	22.43	22.03	27.76	0.00	0.00
LBC	38	27.82	22.34	22.00	27.85	0.00	0.00
LBC	39	27.73	22.56	22.01	27.69	0.00	0.00
LBC	40	27.73	22.43	22.03	27.81	0.00	0.00
LBC	41	27.62	22.34	22.14	27.89	0.00	0.00
LBC	42	27.69	22.54	22.14	27.63	0.00	0.00
LBC	43	27.75	22.46	22.15	27.65	0.00	0.00
LBC	44	27.97	22.22	21.85	27.97	0.00	0.00
LBC	45	27.69	22.40	22.17	27.74	0.00	0.00
LBC	46	27.65	22.37	21.99	27.99	0.00	0.00
LBC	47	27.84	22.28	21.85	28.03	0.00	0.00
LBC	48	27.74	22.39	22.09	27.78	0.00	0.00
LBC	49	27.75	22.46	21.94	27.85	0.00	0.00
LBC	50	27.75	22.32	21.95	27.98	0.00	0.00
LBC	51	27.64	22.54	22.11	27.71	0.00	0.00
LBC	52	27.70	22.43	22.06	27.81	0.00	0.00
LBC	53	27.86	22.34	21.98	27.82	0.00	0.00
LBC	54	27.76	22.41	22.04	27.79	0.00	0.00
LBC	55	27.72	22.46	21.98	27.85	0.00	0.00
LBC	56	27.75	22.45	21.94	27.85	0.00	0.00
LBC	57	27.66	22.60	22.17	27.57	0.00	0.00
LBC	58	27.66	22.58	22.11	27.66	0.00	0.00
LBC	59	27.78	22.37	21.94	27.90	0.00	0.00
LBC	60	27.64	22.60	22.14	27.62	0.00	0.00
LBC	61	27.68	22.54	22.02	27.77	0.00	0.00
LBC	62	27.78	22.40	21.99	27.83	0.00	0.00
LBC	63	27.60	22.66	22.07	27.66	0.00	0.00
LBC	64	27.67	22.54	22.01	27.78	0.00	0.00
LBC	65	27.76	22.31	21.99	27.95	0.00	0.00
LBC	66	27.61	22.48	22.13	27.79	0.00	0.00
LBC	67	27.63	22.59	22.08	27.71	0.00	0.00
LBC	68	27.79	22.40	21.88	27.92	0.00	0.00
LBC	69	27.51	22.54	22.18	27.78	0.00	0.00
LBC	70	27.63	22.55	22.12	27.70	0.00	0.00
LBC	71	27.72	22.38	22.08	27.82	0.00	0.00
LBC	72	27.60	22.56	22.30	27.55	0.00	0.00
LBC	73	27.56	22.48	22.26	27.69	0.00	0.00
LBC	74	27.78	22.30	22.08	27.84	0.00	0.00
LBC	75	27.67	22.44	22.23	27.66	0.00	0.00
LBC	76	27.78	22.31	22.12	27.79	0.00	0.00
LBC	77	27.78	22.38	21.99	27.85	0.00	0.00
LBC	78	27.63	22.45	22.25	27.67	0.00	0.00
LBC	79	27.64	22.51	22.24	27.61	0.00	0.00
LBC	80	27.48	22.42	22.28	27.81	0.00	0.00
LBC	81	27.51	22.64	22.29	27.57	0.00	0.00
LBC	82	27.57	22.52	22.39	27.52	0.00	0.00
LBC	83	27.81	22.34	22.18	27.67	0.00	0.00
LBC	84	27.59	22.57	22.28	27.56	0.00	0.00
LBC	85	27.60	22.60	22.06	27.75	0.00	0.00
LBC	86	27.79	22.41	22.08	27.73	0.00	0.00
LBC	87	27.64	22.66	22.16	27.54	0.00	0.00
LBC	88	27.69	22.56	22.12	27.63	0.00	0.00
LBC	89	27.82	22.41	22.00	27.77	0.00	0.00
LBC	90	27.62	22.62	22.17	27.60	0.00	0.00
LBC	91	27.67	22.56	22.22	27.55	0.00	0.00
LBC	92	27.69	22.45	22.08	27.78	0.00	0.00
LBC	93	27.72	22.57	22.28	27.43	0.00	0.00
LBC	94	27.67	22.57	22.15	27.62	0.00	0.00
LBC	95	27.91	22.42	21.93	27.74	0.00	0.00
LBC	96	27.53	22.59	22.19	27.69	0.00	0.00
LBC	97	27.67	22.72	22.05	27.56	0.00	0.00
LBC	98	27.84	22.48	21.88	27.81	0.02	0.00
# ACGT raw counters for last fragments. Use `grep ^LTC | cut -f 2-` to extract this part. The columns are: A,C,G,T,N base counters
LTC	311377679	253940500	249448815	311366527	2482
# Insert sizes. Use `grep ^IS | cut -f 2-` to extract this part. The columns are: insert size, pairs total, inward oriented pairs, outward oriented pairs, other pairs
IS	0	0	0	0	0
IS	1	0	0	0	0
IS	2	0	0	0	0
IS	3	0	0	0	0
IS	4	0	0	0	0
IS	5	0	0	0	0
IS	6	0	0	0	0
IS	7	0	0	0	0
IS	8	0	0	0	0
IS	9	0	0	0	0
IS	10	0	0	0	0
IS	11	0	0	0	0
IS	12	0	0	0	0
IS	13	0	0	0	0
IS	14	0	0	0	0
IS	15	0	0	0	0
IS	16	0	0	0	0
IS	17	0	0	0	0
IS	18	0	0	0	0
IS	19	0	0	0	0
IS	20	0	0	0	0
IS	21	0	0	0	0
IS	22	0	0	0	0
IS	23	0	0	0	0
IS	24	0	0	0	0
IS	25	0	0	0	0
IS	26	0	0	0	0
IS	27	1	1	0	0
IS	28	5	3	2	0
IS	29	3	2	1	0
IS	30	1	1	0	0
IS	31	11	2	9	0
IS	32	17	7	10	0
IS	33	28	17	11	0
IS	34	29	14	15	0
IS	35	153	83	70	0
IS	36	154	84	70	0
IS	37	184	97	87	0
IS	38	166	88	78	0
IS	39	195	120	75	0
IS	40	186	82	104	0
IS	41	213	107	106	0
IS	42	243	112	131	0
IS	43	227	118	109	0
IS	44	230	120	110	0
IS	45	261	131	130	0
IS	46	272	133	139	0
IS	47	317	153	164	0
IS	48	341	183	158	0
IS	49	375	196	179	0
IS	50	427	219	208	0
IS	51	459	213	246	0
IS	52	534	253	281	0
IS	53	553	257	296	0
IS	54	608	300	308	0
IS	55	645	319	326	0
IS	56	737	345	392	0
IS	57	789	364	425	0
IS	58	901	480	421	0
IS	59	1064	545	519	0
IS	60	1107	547	560	0
IS	61	1217	644	573	0
IS	62	1429	724	705	0
IS	63	1476	740	736	0
IS	64	1489	776	713	0
IS	65	1705	826	879	0
IS	66	1812	923	889	0
IS	67	1994	1035	959	0
IS	68	2149	1102	1047	0
IS	69	2472	1196	1276	0
IS	70	2721	1412	1309	0
IS	71	2994	1521	1473	0
IS	72	3256	1678	1578	0
IS	73	3562	1850	1712	0
IS	74	3707	1903	1804	0
IS	75	4037	2111	1926	0
IS	76	4079	2115	1964	0
IS	77	4440	2290	2150	0
IS	78	4481	2321	2160	0
IS	79	5097	2623	2474	0
IS	80	5645	2938	2707	0
IS	81	5799	3063	2736	0
IS	82	6309	3282	3027	0
IS	83	6726	3501	3225	0
IS	84	6882	3618	3264	0
IS	85	7231	3773	3458	0
IS	86	7545	3974	3571	0
IS	87	7602	3913	3689	0
IS	88	7909	4180	3729	0
IS	89	8399	4461	3938	0
IS	90	8780	4682	4098	0
IS	91	9415	5099	4316	0
IS	92	9887	5230	4657	0
IS	93	10428	5496	4932	0
IS	94	10647	5546	5101	0
IS	95	10852	5853	4999	0
IS	96	11347	6129	5218	0
IS	97	11363	6339	5024	0
IS	98	11765	6812	4953	0
IS	99	12160	12031	129	0
IS	100	12462	12396	66	0
IS	101	13208	13161	47	0
IS	102	13910	13887	23	0
IS	103	14562	14545	17	0
IS	104	14978	14965	13	0
IS	105	15235	15230	5	0
IS	106	15261	15251	10	0
IS	107	15546	15540	6	0
IS	108	15417	15411	6	0
IS	109	15869	15862	7	0
IS	110	16383	16380	3	0
IS	111	17093	17090	3	0
IS	112	17679	17675	4	0
IS	113	18389	18381	8	0
IS	114	19283	19278	5	0
IS	115	19712	19709	3	0
IS	116	19441	19435	6	0
IS	117	19675	19672	3	0
IS	118	20031	20031	0	0
IS	119	19835	19829	6	0
IS	120	20590	20581	9	0
IS	121	21409	21406	3	0
IS	122	21892	21887	5	0
IS	123	22858	22851	7	0
IS	124	23377	23374	3	0
IS	125	24030	24024	6	0
IS	126	23956	23952	4	0
IS	127	23909	23904	5	0
IS	128	24099	24095	4	0
IS	129	24313	24310	3	0
IS	130	24793	24788	5	0
IS	131	25382	25369	13	0
IS	132	26146	26139	7	0
IS	133	27088	27083	5	0
IS	134	27657	27649	8	0
IS	135	29003	28995	8	0
IS	136	28403	28394	9	0
IS	137	28554	28550	4	0
IS	138	28461	28450	11	0
IS	139	28469	28451	18	0
IS	140	29038	29026	12	0
IS	141	29485	29476	9	0
IS	142	30241	30230	11	0
IS	143	31201	31191	10	0
IS	144	31524	31508	16	0
IS	145	32541	32523	18	0
IS	146	32507	32491	16	0
IS	147	32912	32898	14	0
IS	148	33284	33270	14	0
IS	149	32901	32871	30	0
IS	150	33082	33051	31	0
IS	151	33217	33175	42	0
IS	152	33826	33798	28	0
IS	153	34744	34713	31	0
IS	154	35682	35638	44	0
IS	155	36461	36406	55	0
IS	156	36616	36575	41	0
IS	157	36734	36677	57	0
IS	158	36477	36415	62	0
IS	159	36507	36440	67	0
IS	160	36088	36006	82	0
IS	161	36378	36301	77	0
IS	162	37202	37124	78	0
IS	163	38021	37944	77	0
IS	164	38708	38600	108	0
IS	165	39290	39196	94	0
IS	166	39843	39752	91	0
IS	167	39514	39406	108	0
IS	168	39617	39509	108	0
IS	169	38989	38846	143	0
IS	170	39006	38881	125	0
IS	171	38758	38603	155	0
IS	172	39427	39300	127	0
IS	173	40448	40309	139	0
IS	174	40820	40690	130	0
IS	175	41354	41216	138	0
IS	176	41975	41820	155	0
IS	177	42298	42145	153	0
IS	178	41597	41450	147	0
IS	179	41270	41144	126	0
IS	180	41033	40887	146	0
IS	181	40927	40810	117	0
IS	182	40847	40739	108	0
IS	183	41301	41194	107	0
IS	184	42432	42337	95	0
IS	185	42726	42603	123	0
IS	186	42734	42641	93	0
IS	187	42183	42079	104	0
IS	188	42234	42161	73	0
IS	189	41794	41709	85	0
IS	190	41122	41037	85	0
IS	191	40759	40691	68	0
IS	192	40244	40173	71	0
IS	193	40419	40350	69	0
IS	194	41282	41214	68	0
IS	195	42252	42197	55	0
IS	196	42149	42092	57	0
IS	197	42475	42409	66	0
IS	198	42492	42438	54	0
IS	199	41784	41734	50	0
IS	200	41042	40989	53	0
IS	201	40620	40550	70	0
IS	202	40910	40862	48	0
IS	203	40957	40901	56	0
IS	204	41195	41161	34	0
IS	205	40741	40704	37	0
IS	206	41026	40990	36	0
IS	207	41890	41859	31	0
IS	208	40961	40928	33	0
IS	209	40946	40919	27	0
IS	210	39958	39932	26	0
IS	211	39532	39505	27	0
IS	212	38920	38892	28	0
IS	213	39418	39394	24	0
IS	214	39423	39398	25	0
IS	215	39513	39495	18	0
IS	216	39627	39599	28	0
IS	217	39833	39814	19	0
IS	218	39980	39954	26	0
IS	219	39156	39127	29	0
IS	220	39151	39131	20	0
IS	221	37774	37739	35	0
IS	222	37435	37419	16	0
IS	223	37132	37104	28	0
IS	224	36658	36627	31	0
IS	225	37507	37483	24	0
IS	226	38242	38208	34	0
IS	227	37572	37547	25	0
IS	228	37472	37447	25	0
IS	229	36855	36832	23	0
IS	230	36203	36170	33	0
IS	231	36274	36257	17	0
IS	232	34958	34938	20	0
IS	233	36073	36048	25	0
IS	234	35035	35012	23	0
IS	235	35135	35104	31	0
IS	236	35074	35053	21	0
IS	237	34744	34723	21	0
IS	238	34418	34397	21	0
IS	239	34906	34881	25	0
IS	240	33777	33759	18	0
IS	241	33962	33930	32	0
IS	242	32961	32938	23	0
IS	243	32539	32520	19	0
IS	244	32450	32434	16	0
IS	245	32655	32636	19	0
IS	246	32890	32871	19	0
IS	247	32769	32757	12	0
IS	248	32761	32748	13	0
IS	249	32477	32460	17	0
IS	250	31794	31765	29	0
IS	251	30640	30615	25	0
IS	252	30685	30667	18	0
IS	253	30297	30270	27	0
IS	254	29944	29921	23	0
IS	255	29537	29520	17	0
IS	256	29885	29872	13	0
IS	257	30244	30219	25	0
IS	258	29627	29606	21	0
IS	259	29723	29708	15	0
IS	260	28330	28318	12	0
IS	261	28318	28295	23	0
IS	262	27631	27606	25	0
IS	263	27458	27432	26	0
IS	264	27155	27141	14	0
IS	265	27474	27458	16	0
IS	266	27121	27100	21	0
IS	267	26415	26402	13	0
IS	268	27339	27322	17	0
IS	269	27129	27116	13	0
IS	270	26114	26098	16	0
IS	271	25959	25941	18	0
IS	272	25248	25239	9	0
IS	273	24753	24738	15	0
IS	274	24699	24682	17	0
IS	275	24355	24326	29	0
IS	276	24830	24816	14	0
IS	277	24228	24208	20	0
IS	278	24580	24564	16	0
IS	279	23751	23712	39	0
IS	280	23577	23555	22	0
IS	281	22543	22524	19	0
IS	282	22821	22803	18	0
IS	283	22297	22276	21	0
IS	284	22005	21988	17	0
IS	285	21553	21539	14	0
IS	286	21858	21846	12	0
IS	287	21922	21910	12	0
IS	288	21955	21943	12	0
IS	289	22219	22212	7	0
IS	290	21681	21667	14	0
IS	291	20980	20971	9	0
IS	292	20292	20276	16	0
IS	293	20403	20392	11	0
IS	294	19621	19604	17	0
IS	295	19856	19850	6	0
IS	296	19512	19485	27	0
IS	297	20112	20101	11	0
IS	298	19814	19800	14	0
IS	299	19865	19852	13	0
IS	300	19035	19015	20	0
IS	301	18537	18518	19	0
IS	302	18349	18327	22	0
IS	303	17734	17721	13	0
IS	304	17390	17376	14	0
IS	305	17540	17519	21	0
IS	306	17471	17465	6	0
IS	307	17346	17336	10	0
IS	308	17724	17710	14	0
IS	309	17778	17761	17	0
IS	310	17443	17431	12	0
IS	311	17261	17252	9	0
IS	312	16221	16209	12	0
IS	313	16427	16419	8	0
IS	314	15885	15881	4	0
IS	315	15963	15952	11	0
IS	316	15638	15631	7	0
IS	317	15266	15253	13	0
IS	318	15447	15436	11	0
IS	319	15548	15533	15	0
IS	320	15851	15843	8	0
IS	321	14818	14809	9	0
IS	322	15105	15095	10	0
IS	323	14750	14744	6	0
IS	324	14233	14220	13	0
IS	325	13884	13877	7	0
IS	326	13780	13775	5	0
IS	327	13897	13882	15	0
IS	328	13793	13782	11	0
IS	329	13623	13617	6	0
IS	330	13654	13650	4	0
IS	331	13730	13715	15	0
IS	332	13324	13316	8	0
IS	333	13131	13117	14	0
IS	334	12534	12520	14	0
IS	335	12328	12320	8	0
IS	336	12458	12442	16	0
IS	337	12259	12245	14	0
IS	338	12457	12448	9	0
IS	339	12283	12270	13	0
IS	340	12332	12320	12	0
IS	341	12540	12532	8	0
IS	342	11995	11975	20	0
IS	343	11723	11714	9	0
IS	344	11500	11493	7	0
IS	345	11263	11252	11	0
IS	346	10935	10922	13	0
IS	347	10942	10936	6	0
IS	348	10917	10906	11	0
IS	349	11088	11079	9	0
IS	350	10662	10646	16	0
IS	351	10868	10860	8	0
IS	352	10672	10666	6	0
IS	353	10320	10315	5	0
IS	354	9889	9871	18	0
IS	355	9883	9868	15	0
IS	356	9662	9647	15	0
IS	357	9698	9690	8	0
IS	358	9791	9774	17	0
IS	359	9583	9568	15	0
IS	360	9380	9370	10	0
IS	361	9690	9681	9	0
IS	362	9588	9579	9	0
IS	363	9486	9478	8	0
IS	364	9010	8996	14	0
IS	365	8859	8850	9	0
IS	366	8777	8764	13	0
IS	367	8605	8587	18	0
IS	368	8264	8259	5	0
IS	369	8425	8413	12	0
IS	370	8584	8574	10	0
IS	371	8463	8457	6	0
IS	372	8425	8416	9	0
IS	373	8202	8190	12	0
IS	374	8188	8172	16	0
IS	375	7881	7872	9	0
IS	376	7799	7787	12	0
IS	377	7679	7668	11	0
IS	378	7657	7650	7	0
IS	379	7492	7482	10	0
IS	380	7711	7696	15	0
IS	381	7618	7606	12	0
IS	382	7414	7408	6	0
IS	383	7476	7468	8	0
IS	384	7355	7348	7	0
IS	385	7036	7027	9	0
IS	386	6969	6957	12	0
IS	387	6918	6909	9	0
IS	388	6984	6973	11	0
IS	389	6627	6613	14	0
IS	390	6839	6826	13	0
IS	391	6925	6914	11	0
IS	392	6963	6952	11	0
IS	393	6697	6684	13	0
IS	394	6603	6595	8	0
IS	395	6519	6511	8	0
IS	396	6331	6318	13	0
IS	397	6097	6084	13	0
IS	398	6177	6166	11	0
IS	399	5964	5954	10	0
IS	400	6216	6206	10	0
IS	401	6222	6209	13	0
IS	402	5925	5915	10	0
IS	403	6029	6013	16	0
IS	404	6062	6054	8	0
IS	405	5825	5809	16	0
IS	406	5649	5641	8	0
IS	407	5424	5413	11	0
IS	408	5697	5687	10	0
IS	409	5413	5403	10	0
IS	410	5460	5452	8	0
IS	411	5517	5505	12	0
IS	412	5355	5347	8	0
IS	413	5499	5496	3	0
IS	414	5310	5302	8	0
IS	415	5241	5231	10	0
IS	416	5088	5077	11	0
IS	417	5157	5148	9	0
IS	418	4871	4862	9	0
IS	419	5088	5081	7	0
IS	420	4836	4833	3	0
IS	421	4784	4773	11	0
IS	422	4931	4921	10	0
IS	423	4960	4950	10	0
IS	424	4891	4878	13	0
IS	425	4624	4620	4	0
IS	426	4819	4814	5	0
IS	427	4515	4504	11	0
IS	428	4464	4459	5	0
IS	429	4452	4447	5	0
IS	430	4566	4557	9	0
IS	431	4421	4412	9	0
IS	432	4456	4446	10	0
IS	433	4357	4348	9	0
IS	434	4334	4329	5	0
IS	435	4248	4239	9	0
IS	436	4090	4081	9	0
IS	437	4122	4115	7	0
IS	438	4082	4069	13	0
IS	439	4096	4089	7	0
IS	440	3919	3916	3	0
IS	441	3980	3973	7	0
IS	442	4039	4029	10	0
IS	443	4041	4030	11	0
IS	444	3794	3783	11	0
IS	445	4008	4002	6	0
IS	446	3883	3875	8	0
IS	447	3811	3803	8	0
IS	448	3771	3763	8	0
IS	449	3790	3778	12	0
IS	450	3674	3666	8	0
IS	451	3546	3540	6	0
IS	452	3537	3536	1	0
IS	453	3668	3662	6	0
IS	454	3492	3489	3	0
IS	455	3694	3691	3	0
IS	456	3518	3511	7	0
IS	457	3428	3422	6	0
IS	458	3415	3407	8	0
IS	459	3411	3407	4	0
IS	460	3334	3327	7	0
IS	461	3233	3224	9	0
IS	462	3289	3282	7	0
IS	463	3133	3125	8	0
IS	464	3296	3292	4	0
IS	465	3155	3150	5	0
IS	466	3306	3302	4	0
IS	467	3102	3091	11	0
IS	468	3195	3185	10	0
IS	469	3027	3024	3	0
IS	470	2938	2933	5	0
IS	471	3000	2995	5	0
IS	472	2967	2956	11	0
IS	473	2813	2806	7	0
IS	474	2965	2959	6	0
IS	475	2906	2893	13	0
IS	476	2933	2926	7	0
IS	477	2922	2916	6	0
IS	478	2891	2888	3	0
IS	479	2827	2814	13	0
IS	480	2791	2783	8	0
IS	481	2606	2603	3	0
IS	482	2655	2648	7	0
IS	483	2634	2621	13	0
IS	484	2665	2653	12	0
IS	485	2629	2621	8	0
IS	486	2603	2597	6	0
IS	487	2684	2681	3	0
IS	488	2727	2722	5	0
IS	489	2551	2543	8	0
IS	490	2553	2544	9	0
IS	491	2540	2530	10	0
IS	492	2478	2473	5	0
IS	493	2502	2495	7	0
IS	494	2419	2417	2	0
IS	495	2528	2518	10	0
IS	496	2526	2520	6	0
IS	497	2317	2314	3	0
IS	498	2366	2359	7	0
IS	499	2287	2281	6	0
IS	500	2358	2350	8	0
IS	501	2256	2244	12	0
IS	502	2214	2203	11	0
IS	503	2329	2324	5	0
IS	504	2181	2177	4	0
IS	505	2257	2250	7	0
IS	506	2127	2122	5	0
IS	507	2208	2202	6	0
IS	508	2352	2346	6	0
IS	509	2212	2205	7	0
IS	510	2051	2046	5	0
IS	511	2197	2191	6	0
IS	512	2162	2158	4	0
IS	513	2224	2210	14	0
IS	514	1988	1981	7	0
IS	515	2052	2039	13	0
IS	516	2042	2035	7	0
IS	517	2023	2017	6	0
IS	518	2005	1995	10	0
IS	519	2055	2048	7	0
IS	520	2010	2004	6	0
IS	521	1970	1959	11	0
IS	522	1940	1930	10	0
IS	523	2015	2010	5	0
IS	524	2002	1996	6	0
IS	525	1862	1859	3	0
IS	526	2027	2021	6	0
IS	527	1975	1965	10	0
IS	528	1994	1989	5	0
IS	529	1821	1818	3	0
IS	530	1722	1710	12	0
IS	531	1798	1783	15	0
IS	532	1771	1761	10	0
IS	533	1691	1684	7	0
IS	534	1785	1778	7	0
IS	535	1786	1779	7	0
IS	536	1776	1759	17	0
IS	537	1673	1667	6	0
IS	538	1693	1683	10	0
IS	539	1784	1778	6	0
IS	540	1742	1738	4	0
IS	541	1692	1686	6	0
IS	542	1688	1679	9	0
IS	543	1584	1572	12	0
IS	544	1666	1656	10	0
IS	545	1644	1636	8	0
IS	546	1609	1599	10	0
IS	547	1681	1671	10	0
IS	548	1742	1733	9	0
IS	549	1666	1665	1	0
IS	550	1658	1653	5	0
IS	551	1539	1532	7	0
IS	552	1594	1587	7	0
IS	553	1650	1640	10	0
IS	554	1586	1576	10	0
IS	555	1619	1609	10	0
IS	556	1545	1536	9	0
IS	557	1407	1403	4	0
IS	558	1527	1519	8	0
IS	559	1562	1553	9	0
IS	560	1474	1469	5	0
IS	561	1504	1494	10	0
IS	562	1417	1406	11	0
IS	563	1536	1526	10	0
IS	564	1431	1425	6	0
IS	565	1466	1457	9	0
IS	566	1473	1464	9	0
IS	567	1495	1479	16	0
IS	568	1446	1441	5	0
IS	569	1431	1425	6	0
IS	570	1455	1447	8	0
IS	571	1384	1381	3	0
IS	572	1499	1489	10	0
IS	573	1346	1334	12	0
IS	574	1324	1314	10	0
IS	575	1397	1391	6	0
IS	576	1493	1487	6	0
IS	577	1391	1387	4	0
IS	578	1349	1342	7	0
IS	579	1366	1360	6	0
IS	580	1363	1358	5	0
IS	581	1250	1245	5	0
IS	582	1398	1385	13	0
IS	583	1315	1306	9	0
IS	584	1324	1311	13	0
IS	585	1343	1334	9	0
IS	586	1295	1292	3	0
IS	587	1337	1326	11	0
IS	588	1384	1374	10	0
IS	589	1253	1248	5	0
IS	590	1339	1335	4	0
IS	591	1286	1278	8	0
IS	592	1272	1264	8	0
IS	593	1250	1246	4	0
IS	594	1292	1286	6	0
IS	595	1329	1322	7	0
IS	596	1227	1219	8	0
IS	597	1333	1323	10	0
IS	598	1279	1270	9	0
IS	599	1255	1252	3	0
IS	600	1249	1244	5	0
IS	601	1260	1255	5	0
IS	602	1205	1201	4	0
IS	603	1139	1131	8	0
IS	604	1162	1156	6	0
IS	605	1124	1122	2	0
IS	606	1193	1189	4	0
IS	607	1228	1217	11	0
IS	608	1201	1198	3	0
IS	609	1171	1165	6	0
IS	610	1224	1212	12	0
IS	611	1239	1230	9	0
IS	612	1181	1170	11	0
IS	613	1123	1116	7	0
IS	614	1141	1134	7	0
IS	615	1225	1221	4	0
IS	616	1240	1228	12	0
IS	617	1177	1165	12	0
IS	618	1183	1179	4	0
IS	619	1139	1130	9	0
IS	620	1111	1102	9	0
IS	621	1208	1203	5	0
IS	622	1160	1153	7	0
IS	623	1179	1176	3	0
IS	624	1103	1095	8	0
IS	625	1113	1110	3	0
IS	626	1061	1053	8	0
IS	627	1208	1200	8	0
IS	628	1173	1169	4	0
IS	629	1178	1173	5	0
IS	630	1092	1079	13	0
IS	631	1099	1089	10	0
IS	632	1069	1062	7	0
IS	633	1079	1073	6	0
IS	634	1148	1138	10	0
IS	635	1163	1155	8	0
IS	636	1093	1087	6	0
IS	637	1042	1038	4	0
IS	638	1166	1161	5	0
IS	639	1072	1065	7	0
IS	640	1049	1038	11	0
IS	641	1033	1027	6	0
IS	642	1119	1115	4	0
IS	643	1066	1060	6	0
IS	644	1074	1070	4	0
IS	645	1132	1122	10	0
IS	646	1001	989	12	0
IS	647	993	989	4	0
IS	648	1196	1185	11	0
IS	649	996	988	8	0
IS	650	1095	1088	7	0
IS	651	1045	1041	4	0
IS	652	1041	1032	9	0
IS	653	1065	1059	6	0
IS	654	1001	988	13	0
IS	655	1057	1055	2	0
IS	656	1015	1009	6	0
IS	657	998	991	7	0
IS	658	1007	998	9	0
IS	659	1077	1075	2	0
IS	660	954	947	7	0
IS	661	1073	1063	10	0
IS	662	967	962	5	0
IS	663	1043	1039	4	0
IS	664	931	924	7	0
IS	665	1029	1025	4	0
IS	666	1044	1037	7	0
IS	667	959	953	6	0
IS	668	1027	1020	7	0
IS	669	973	963	10	0
IS	670	1062	1056	6	0
IS	671	999	993	6	0
IS	672	976	965	11	0
IS	673	997	992	5	0
IS	674	961	953	8	0
IS	675	1005	998	7	0
IS	676	970	968	2	0
IS	677	1009	999	10	0
IS	678	936	927	9	0
IS	679	933	926	7	0
IS	680	967	959	8	0
IS	681	951	942	9	0
IS	682	922	913	9	0
IS	683	937	932	5	0
IS	684	1010	1008	2	0
IS	685	922	917	5	0
IS	686	897	891	6	0
IS	687	927	920	7	0
IS	688	1018	1013	5	0
IS	689	1007	1003	4	0
IS	690	889	885	4	0
IS	691	963	962	1	0
IS	692	914	908	6	0
IS	693	873	868	5	0
IS	694	907	897	10	0
IS	695	923	916	7	0
IS	696	947	936	11	0
IS	697	948	942	6	0
IS	698	893	890	3	0
IS	699	951	947	4	0
IS	700	966	956	10	0
IS	701	885	883	2	0
IS	702	881	878	3	0
IS	703	931	928	3	0
IS	704	928	922	6	0
IS	705	886	881	5	0
IS	706	860	851	9	0
IS	707	784	778	6	0
IS	708	914	910	4	0
IS	709	893	891	2	0
IS	710	945	944	1	0
IS	711	883	879	4	0
IS	712	922	919	3	0
IS	713	909	904	5	0
IS	714	872	866	6	0
IS	715	869	865	4	0
IS	716	832	829	3	0
IS	717	868	864	4	0
IS	718	882	877	5	0
IS	719	886	884	2	0
IS	720	882	878	4	0
IS	721	891	886	5	0
IS	722	894	890	4	0
IS	723	861	855	6	0
IS	724	903	891	12	0
IS	725	813	809	4	0
IS	726	898	885	13	0
IS	727	809	807	2	0
IS	728	903	899	4	0
IS	729	816	813	3	0
IS	730	809	804	5	0
IS	731	844	839	5	0
IS	732	862	857	5	0
IS	733	838	832	6	0
IS	734	809	804	5	0
IS	735	850	848	2	0
IS	736	888	882	6	0
IS	737	834	825	9	0
IS	738	782	773	9	0
IS	739	817	811	6	0
IS	740	857	851	6	0
IS	741	799	791	8	0
IS	742	865	858	7	0
IS	743	762	762	0	0
IS	744	800	795	5	0
IS	745	813	803	10	0
IS	746	795	791	4	0
IS	747	786	779	7	0
IS	748	803	793	10	0
IS	749	749	744	5	0
IS	750	831	825	6	0
IS	751	760	754	6	0
IS	752	844	838	6	0
IS	753	822	818	4	0
IS	754	766	760	6	0
IS	755	880	876	4	0
IS	756	778	774	4	0
IS	757	788	778	10	0
IS	758	747	742	5	0
IS	759	767	759	8	0
IS	760	817	809	8	0
IS	761	774	769	5	0
IS	762	784	772	12	0
IS	763	821	816	5	0
IS	764	828	821	7	0
IS	765	791	786	5	0
IS	766	739	735	4	0
IS	767	746	741	5	0
IS	768	691	681	10	0
IS	769	829	821	8	0
IS	770	794	791	3	0
IS	771	799	791	8	0
IS	772	743	735	8	0
IS	773	761	756	5	0
IS	774	775	773	2	0
IS	775	811	802	9	0
IS	776	760	760	0	0
IS	777	730	727	3	0
IS	778	696	691	5	0
IS	779	742	740	2	0
IS	780	822	817	5	0
IS	781	799	794	5	0
IS	782	727	720	7	0
IS	783	745	739	6	0
IS	784	710	706	4	0
IS	785	721	718	3	0
IS	786	821	817	4	0
IS	787	755	753	2	0
IS	788	753	748	5	0
IS	789	763	761	2	0
IS	790	761	753	8	0
IS	791	674	667	7	0
IS	792	736	733	3	0
IS	793	757	748	9	0
IS	794	712	706	6	0
IS	795	714	709	5	0
IS	796	708	706	2	0
IS	797	776	774	2	0
IS	798	729	726	3	0
IS	799	764	755	9	0
IS	800	750	745	5	0
IS	801	743	735	8	0
IS	802	736	729	7	0
IS	803	770	768	2	0
IS	804	666	663	3	0
IS	805	728	724	4	0
IS	806	693	688	5	0
IS	807	719	718	1	0
IS	808	705	698	7	0
IS	809	737	732	5	0
IS	810	682	677	5	0
IS	811	710	705	5	0
IS	812	667	660	7	0
IS	813	713	704	9	0
IS	814	738	734	4	0
IS	815	622	609	13	0
IS	816	746	743	3	0
IS	817	730	724	6	0
IS	818	700	699	1	0
IS	819	739	735	4	0
IS	820	662	658	4	0
IS	821	760	755	5	0
IS	822	682	679	3	0
IS	823	762	754	8	0
IS	824	730	727	3	0
IS	825	737	729	8	0
IS	826	729	719	10	0
IS	827	690	688	2	0
IS	828	669	665	4	0
IS	829	715	711	4	0
IS	830	737	732	5	0
IS	831	668	666	2	0
IS	832	666	664	2	0
IS	833	715	712	3	0
IS	834	667	663	4	0
IS	835	657	653	4	0
IS	836	696	692	4	0
IS	837	687	682	5	0
IS	838	700	697	3	0
IS	839	644	641	3	0
IS	840	724	718	6	0
IS	841	681	679	2	0
IS	842	745	741	4	0
IS	843	662	657	5	0
IS	844	669	662	7	0
IS	845	731	722	9	0
IS	846	801	799	2	0
IS	847	727	723	4	0
IS	848	691	687	4	0
IS	849	685	683	2	0
IS	850	781	777	4	0
IS	851	753	749	4	0
IS	852	735	735	0	0
IS	853	677	673	4	0
IS	854	748	745	3	0
IS	855	682	681	1	0
IS	856	675	672	3	0
IS	857	685	682	3	0
IS	858	711	711	0	0
IS	859	688	683	5	0
IS	860	683	678	5	0
IS	861	733	729	4	0
IS	862	781	775	6	0
IS	863	717	713	4	0
IS	864	626	622	4	0
IS	865	709	706	3	0
IS	866	751	748	3	0
IS	867	722	721	1	0
IS	868	706	700	6	0
IS	869	731	726	5	0
IS	870	717	713	4	0
IS	871	769	767	2	0
IS	872	733	724	9	0
IS	873	694	691	3	0
IS	874	665	660	5	0
IS	875	662	657	5	0
IS	876	694	691	3	0
IS	877	675	672	3	0
IS	878	647	638	9	0
IS	879	689	681	8	0
IS	880	630	620	10	0
IS	881	680	675	5	0
IS	882	689	686	3	0
IS	883	650	642	8	0
IS	884	707	702	5	0
IS	885	673	665	8	0
IS	886	603	599	4	0
IS	887	682	677	5	0
IS	888	590	584	6	0
IS	889	672	664	8	0
IS	890	671	663	8	0
IS	891	686	683	3	0
IS	892	662	651	11	0
IS	893	608	602	6	0
IS	894	702	696	6	0
IS	895	629	624	5	0
IS	896	650	644	6	0
IS	897	706	704	2	0
IS	898	635	632	3	0
IS	899	634	629	5	0
IS	900	637	635	2	0
IS	901	724	720	4	0
IS	902	641	636	5	0
IS	903	636	632	4	0
IS	904	674	669	5	0
IS	905	633	630	3	0
IS	906	635	631	4	0
IS	907	649	647	2	0
IS	908	641	637	4	0
IS	909	694	693	1	0
IS	910	644	634	10	0
IS	911	670	664	6	0
IS	912	655	651	4	0
IS	913	639	633	6	0
IS	914	705	699	6	0
IS	915	648	645	3	0
IS	916	700	694	6	0
IS	917	674	670	4	0
IS	918	668	664	4	0
IS	919	640	634	6	0
IS	920	719	719	0	0
IS	921	621	620	1	0
IS	922	645	638	7	0
IS	923	673	665	8	0
IS	924	649	640	9	0
IS	925	646	641	5	0
IS	926	719	715	4	0
IS	927	627	623	4	0
IS	928	728	722	6	0
IS	929	652	646	6	0
IS	930	660	648	12	0
IS	931	653	647	6	0
IS	932	617	615	2	0
IS	933	669	664	5	0
IS	934	625	618	7	0
IS	935	670	660	10	0
IS	936	711	699	12	0
IS	937	657	647	10	0
IS	938	598	588	10	0
IS	939	604	601	3	0
IS	940	667	662	5	0
IS	941	593	588	5	0
IS	942	610	603	7	0
IS	943	622	616	6	0
IS	944	602	598	4	0
IS	945	623	621	2	0
IS	946	652	646	6	0
IS	947	705	694	11	0
IS	948	622	615	7	0
IS	949	624	621	3	0
IS	950	633	629	4	0
IS	951	641	636	5	0
IS	952	594	589	5	0
IS	953	605	600	5	0
IS	954	636	632	4	0
IS	955	654	648	6	0
IS	956	671	661	10	0
IS	957	681	675	6	0
IS	958	670	664	6	0
IS	959	691	686	5	0
IS	960	559	553	6	0
IS	961	662	655	7	0
IS	962	666	656	10	0
IS	963	625	621	4	0
IS	964	660	657	3	0
IS	965	628	622	6	0
IS	966	641	637	4	0
IS	967	604	604	0	0
IS	968	696	691	5	0
IS	969	689	685	4	0
IS	970	645	641	4	0
IS	971	690	681	9	0
IS	972	645	641	4	0
IS	973	652	646	6	0
IS	974	634	628	6	0
IS	975	622	622	0	0
IS	976	607	601	6	0
IS	977	671	669	2	0
IS	978	644	642	2	0
IS	979	619	613	6	0
IS	980	679	676	3	0
IS	981	609	602	7	0
IS	982	598	592	6	0
IS	983	717	710	7	0
IS	984	637	631	6	0
IS	985	613	611	2	0
IS	986	651	650	1	0
IS	987	657	653	4	0
IS	988	674	670	4	0
IS	989	712	706	6	0
IS	990	712	710	2	0
IS	991	660	654	6	0
IS	992	657	647	10	0
IS	993	708	704	4	0
IS	994	640	637	3	0
IS	995	620	615	5	0
IS	996	631	626	5	0
IS	997	730	724	6	0
IS	998	705	702	3	0
IS	999	641	638	3	0
IS	1000	623	617	6	0
IS	1001	637	634	3	0
IS	1002	665	662	3	0
IS	1003	639	638	1	0
IS	1004	655	650	5	0
IS	1005	668	660	8	0
IS	1006	663	661	2	0
IS	1007	660	656	4	0
IS	1008	577	576	1	0
IS	1009	680	675	5	0
IS	1010	623	619	4	0
IS	1011	594	592	2	0
IS	1012	631	624	7	0
IS	1013	609	602	7	0
IS	1014	641	639	2	0
IS	1015	662	653	9	0
IS	1016	595	590	5	0
IS	1017	593	589	4	0
IS	1018	608	603	5	0
IS	1019	628	625	3	0
IS	1020	637	631	6	0
IS	1021	651	647	4	0
IS	1022	747	742	5	0
IS	1023	650	646	4	0
IS	1024	611	604	7	0
IS	1025	682	676	6	0
IS	1026	637	634	3	0
IS	1027	600	595	5	0
IS	1028	654	646	8	0
IS	1029	642	638	4	0
IS	1030	633	630	3	0
IS	1031	641	636	5	0
IS	1032	635	630	5	0
IS	1033	728	725	3	0
IS	1034	657	651	6	0
IS	1035	639	637	2	0
IS	1036	637	630	7	0
IS	1037	698	693	5	0
IS	1038	607	599	8	0
IS	1039	695	690	5	0
IS	1040	642	638	4	0
IS	1041	594	591	3	0
IS	1042	640	637	3	0
IS	1043	675	669	6	0
IS	1044	679	679	0	0
IS	1045	681	676	5	0
IS	1046	633	630	3	0
IS	1047	625	621	4	0
IS	1048	602	600	2	0
IS	1049	671	668	3	0
IS	1050	717	710	7	0
IS	1051	693	686	7	0
IS	1052	690	687	3	0
IS	1053	722	719	3	0
IS	1054	627	622	5	0
IS	1055	571	569	2	0
IS	1056	614	609	5	0
IS	1057	635	628	7	0
IS	1058	685	679	6	0
IS	1059	639	633	6	0
IS	1060	644	639	5	0
IS	1061	634	630	4	0
IS	1062	640	633	7	0
IS	1063	697	693	4	0
IS	1064	609	606	3	0
IS	1065	598	591	7	0
IS	1066	655	655	0	0
IS	1067	605	602	3	0
IS	1068	652	648	4	0
IS	1069	666	662	4	0
IS	1070	619	610	9	0
IS	1071	646	645	1	0
IS	1072	595	591	4	0
IS	1073	617	612	5	0
IS	1074	625	622	3	0
IS	1075	658	652	6	0
IS	1076	650	647	3	0
IS	1077	741	735	6	0
IS	1078	710	707	3	0
IS	1079	618	616	2	0
IS	1080	648	642	6	0
IS	1081	649	646	3	0
IS	1082	636	633	3	0
IS	1083	669	666	3	0
IS	1084	624	617	7	0
IS	1085	646	641	5	0
IS	1086	606	601	5	0
IS	1087	646	639	7	0
IS	1088	757	754	3	0
IS	1089	618	611	7	0
IS	1090	634	627	7	0
IS	1091	670	668	2	0
IS	1092	614	611	3	0
IS	1093	637	634	3	0
IS	1094	627	623	4	0
IS	1095	706	702	4	0
IS	1096	684	677	7	0
IS	1097	669	657	12	0
IS	1098	604	599	5	0
IS	1099	608	603	5	0
IS	1100	603	597	6	0
IS	1101	617	613	4	0
IS	1102	663	656	7	0
IS	1103	651	644	7	0
IS	1104	593	588	5	0
IS	1105	630	624	6	0
IS	1106	612	606	6	0
IS	1107	669	659	10	0
IS	1108	695	686	9	0
IS	1109	625	621	4	0
IS	1110	644	638	6	0
IS	1111	612	611	1	0
IS	1112	697	691	6	0
IS	1113	615	610	5	0
IS	1114	604	598	6	0
IS	1115	640	637	3	0
IS	1116	619	613	6	0
IS	1117	684	680	4	0
IS	1118	654	650	4	0
IS	1119	614	609	5	0
IS	1120	601	596	5	0
IS	1121	641	636	5	0
IS	1122	666	657	9	0
IS	1123	632	625	7	0
IS	1124	637	634	3	0
IS	1125	606	606	0	0
IS	1126	628	619	9	0
IS	1127	630	620	10	0
IS	1128	670	668	2	0
IS	1129	610	605	5	0
IS	1130	625	619	6	0
IS	1131	668	663	5	0
IS	1132	629	624	5	0
IS	1133	609	607	2	0
IS	1134	615	612	3	0
IS	1135	601	600	1	0
IS	1136	597	594	3	0
IS	1137	587	578	9	0
IS	1138	623	619	4	0
IS	1139	618	618	0	0
IS	1140	600	594	6	0
IS	1141	617	614	3	0
IS	1142	567	566	1	0
IS	1143	619	616	3	0
IS	1144	709	709	0	0
IS	1145	666	663	3	0
IS	1146	569	565	4	0
IS	1147	593	588	5	0
IS	1148	658	654	4	0
IS	1149	567	562	5	0
IS	1150	591	588	3	0
IS	1151	628	622	6	0
IS	1152	609	605	4	0
IS	1153	674	666	8	0
IS	1154	558	547	11	0
IS	1155	558	555	3	0
IS	1156	599	591	8	0
IS	1157	571	565	6	0
IS	1158	633	630	3	0
IS	1159	571	566	5	0
IS	1160	589	588	1	0
IS	1161	594	592	2	0
IS	1162	596	594	2	0
IS	1163	603	597	6	0
IS	1164	570	564	6	0
IS	1165	656	653	3	0
IS	1166	576	573	3	0
IS	1167	599	596	3	0
IS	1168	591	590	1	0
IS	1169	597	591	6	0
IS	1170	617	615	2	0
IS	1171	590	582	8	0
IS	1172	609	602	7	0
IS	1173	576	570	6	0
IS	1174	633	627	6	0
IS	1175	618	612	6	0
IS	1176	645	643	2	0
IS	1177	575	572	3	0
IS	1178	588	585	3	0
IS	1179	616	615	1	0
IS	1180	619	618	1	0
IS	1181	608	603	5	0
IS	1182	565	559	6	0
IS	1183	563	561	2	0
IS	1184	606	598	8	0
IS	1185	686	680	6	0
IS	1186	633	631	2	0
IS	1187	600	595	5	0
IS	1188	575	571	4	0
IS	1189	582	581	1	0
IS	1190	607	602	5	0
IS	1191	605	602	3	0
IS	1192	646	639	7	0
IS	1193	572	570	2	0
IS	1194	551	550	1	0
IS	1195	628	628	0	0
IS	1196	558	557	1	0
IS	1197	631	628	3	0
IS	1198	688	683	5	0
IS	1199	628	627	1	0
IS	1200	574	572	2	0
IS	1201	595	593	2	0
IS	1202	616	613	3	0
IS	1203	631	626	5	0
IS	1204	578	574	4	0
IS	1205	564	564	0	0
IS	1206	602	599	3	0
IS	1207	551	547	4	0
IS	1208	596	594	2	0
IS	1209	642	636	6	0
IS	1210	587	584	3	0
IS	1211	662	660	2	0
IS	1212	553	548	5	0
IS	1213	623	622	1	0
IS	1214	617	614	3	0
IS	1215	592	591	1	0
IS	1216	622	618	4	0
IS	1217	600	597	3	0
IS	1218	579	575	4	0
IS	1219	594	592	2	0
IS	1220	613	610	3	0
IS	1221	577	576	1	0
IS	1222	612	608	4	0
IS	1223	646	645	1	0
IS	1224	549	547	2	0
IS	1225	613	608	5	0
IS	1226	587	585	2	0
IS	1227	605	603	2	0
IS	1228	620	619	1	0
IS	1229	620	617	3	0
IS	1230	575	572	3	0
IS	1231	556	551	5	0
IS	1232	618	613	5	0
IS	1233	620	616	4	0
IS	1234	533	529	4	0
IS	1235	544	541	3	0
IS	1236	568	565	3	0
IS	1237	614	611	3	0
IS	1238	561	558	3	0
IS	1239	590	588	2	0
IS	1240	618	615	3	0
IS	1241	609	604	5	0
IS	1242	594	590	4	0
IS	1243	552	551	1	0
IS	1244	557	557	0	0
IS	1245	567	565	2	0
IS	1246	607	606	1	0
IS	1247	589	583	6	0
IS	1248	550	544	6	0
IS	1249	638	634	4	0
IS	1250	582	574	8	0
IS	1251	623	622	1	0
IS	1252	608	606	2	0
IS	1253	567	563	4	0
IS	1254	554	549	5	0
IS	1255	669	667	2	0
IS	1256	605	599	6	0
IS	1257	580	577	3	0
IS	1258	576	571	5	0
IS	1259	606	601	5	0
IS	1260	635	630	5	0
IS	1261	579	575	4	0
IS	1262	597	591	6	0
IS	1263	592	588	4	0
IS	1264	509	504	5	0
IS	1265	585	574	11	0
IS	1266	596	592	4	0
IS	1267	519	515	4	0
IS	1268	524	521	3	0
IS	1269	591	583	8	0
IS	1270	612	605	7	0
IS	1271	535	530	5	0
IS	1272	599	597	2	0
IS	1273	597	591	6	0
IS	1274	584	576	8	0
IS	1275	558	551	7	0
IS	1276	558	554	4	0
IS	1277	552	550	2	0
IS	1278	572	566	6	0
IS	1279	510	505	5	0
IS	1280	580	574	6	0
IS	1281	529	521	8	0
IS	1282	509	504	5	0
IS	1283	583	580	3	0
IS	1284	558	556	2	0
IS	1285	522	519	3	0
IS	1286	626	619	7	0
IS	1287	605	601	4	0
IS	1288	593	588	5	0
IS	1289	622	617	5	0
IS	1290	591	585	6	0
IS	1291	583	577	6	0
IS	1292	556	554	2	0
IS	1293	571	567	4	0
IS	1294	551	544	7	0
IS	1295	616	613	3	0
IS	1296	624	618	6	0
IS	1297	529	528	1	0
IS	1298	544	542	2	0
IS	1299	579	578	1	0
IS	1300	606	602	4	0
IS	1301	638	628	10	0
IS	1302	520	517	3	0
IS	1303	594	592	2	0
IS	1304	577	565	12	0
IS	1305	530	524	6	0
IS	1306	570	568	2	0
IS	1307	596	592	4	0
IS	1308	542	538	4	0
IS	1309	553	549	4	0
IS	1310	615	611	4	0
IS	1311	591	585	6	0
IS	1312	536	535	1	0
IS	1313	564	561	3	0
IS	1314	620	619	1	0
IS	1315	619	614	5	0
IS	1316	564	554	10	0
IS	1317	568	565	3	0
IS	1318	536	532	4	0
IS	1319	469	464	5	0
IS	1320	601	595	6	0
IS	1321	592	584	8	0
IS	1322	564	560	4	0
IS	1323	576	571	5	0
IS	1324	572	568	4	0
IS	1325	615	610	5	0
IS	1326	555	547	8	0
IS	1327	644	641	3	0
IS	1328	554	554	0	0
IS	1329	572	566	6	0
IS	1330	628	620	8	0
IS	1331	612	604	8	0
IS	1332	588	584	4	0
IS	1333	614	607	7	0
IS	1334	564	561	3	0
IS	1335	539	532	7	0
IS	1336	563	561	2	0
IS	1337	605	603	2	0
IS	1338	616	611	5	0
IS	1339	584	578	6	0
IS	1340	574	570	4	0
IS	1341	558	551	7	0
IS	1342	610	603	7	0
IS	1343	530	528	2	0
IS	1344	554	549	5	0
IS	1345	619	611	8	0
IS	1346	622	620	2	0
IS	1347	597	593	4	0
IS	1348	590	590	0	0
IS	1349	571	568	3	0
IS	1350	577	573	4	0
IS	1351	601	597	4	0
IS	1352	521	519	2	0
IS	1353	606	603	3	0
IS	1354	582	578	4	0
IS	1355	619	616	3	0
IS	1356	565	556	9	0
IS	1357	564	561	3	0
IS	1358	632	627	5	0
IS	1359	628	626	2	0
IS	1360	577	569	8	0
IS	1361	578	575	3	0
IS	1362	603	600	3	0
IS	1363	558	555	3	0
IS	1364	578	569	9	0
IS	1365	562	560	2	0
IS	1366	556	551	5	0
IS	1367	611	602	9	0
IS	1368	535	531	4	0
IS	1369	608	606	2	0
IS	1370	592	589	3	0
IS	1371	566	563	3	0
IS	1372	607	601	6	0
IS	1373	574	568	6	0
IS	1374	570	566	4	0
IS	1375	552	544	8	0
IS	1376	573	572	1	0
IS	1377	552	550	2	0
IS	1378	544	540	4	0
IS	1379	565	559	6	0
IS	1380	564	560	4	0
IS	1381	554	553	1	0
IS	1382	563	558	5	0
IS	1383	542	538	4	0
IS	1384	640	637	3	0
IS	1385	608	604	4	0
IS	1386	589	586	3	0
IS	1387	562	559	3	0
IS	1388	567	565	2	0
IS	1389	581	577	4	0
IS	1390	590	586	4	0
IS	1391	609	603	6	0
IS	1392	558	557	1	0
IS	1393	596	592	4	0
IS	1394	566	558	8	0
IS	1395	625	621	4	0
IS	1396	587	581	6	0
IS	1397	588	587	1	0
IS	1398	559	555	4	0
IS	1399	581	577	4	0
IS	1400	617	611	6	0
IS	1401	554	554	0	0
IS	1402	575	568	7	0
IS	1403	550	546	4	0
IS	1404	554	547	7	0
IS	1405	556	549	7	0
IS	1406	583	578	5	0
IS	1407	617	614	3	0
IS	1408	559	555	4	0
IS	1409	581	575	6	0
IS	1410	598	594	4	0
IS	1411	592	587	5	0
IS	1412	597	591	6	0
IS	1413	620	617	3	0
IS	1414	619	617	2	0
IS	1415	603	600	3	0
IS	1416	558	551	7	0
IS	1417	588	581	7	0
IS	1418	589	587	2	0
IS	1419	610	607	3	0
IS	1420	607	600	7	0
IS	1421	562	560	2	0
IS	1422	572	569	3	0
IS	1423	604	601	3	0
IS	1424	588	585	3	0
IS	1425	618	607	11	0
IS	1426	637	628	9	0
IS	1427	610	608	2	0
IS	1428	671	665	6	0
IS	1429	598	586	12	0
IS	1430	615	611	4	0
IS	1431	583	578	5	0
IS	1432	540	536	4	0
IS	1433	593	590	3	0
IS	1434	531	527	4	0
IS	1435	570	566	4	0
IS	1436	633	630	3	0
IS	1437	602	596	6	0
IS	1438	610	605	5	0
IS	1439	603	596	7	0
IS	1440	695	690	5	0
IS	1441	653	648	5	0
IS	1442	638	629	9	0
IS	1443	638	630	8	0
IS	1444	683	674	9	0
IS	1445	640	625	15	0
IS	1446	693	686	7	0
IS	1447	657	653	4	0
IS	1448	541	537	4	0
IS	1449	604	598	6	0
IS	1450	576	573	3	0
IS	1451	619	612	7	0
IS	1452	609	604	5	0
IS	1453	621	614	7	0
IS	1454	578	566	12	0
IS	1455	594	586	8	0
IS	1456	663	649	14	0
IS	1457	647	639	8	0
IS	1458	639	626	13	0
IS	1459	659	653	6	0
IS	1460	637	634	3	0
IS	1461	579	576	3	0
IS	1462	602	597	5	0
IS	1463	641	638	3	0
IS	1464	642	637	5	0
IS	1465	636	633	3	0
IS	1466	629	623	6	0
IS	1467	642	632	10	0
IS	1468	658	651	7	0
IS	1469	647	640	7	0
IS	1470	642	633	9	0
IS	1471	617	613	4	0
IS	1472	693	687	6	0
IS	1473	633	624	9	0
IS	1474	661	658	3	0
IS	1475	621	614	7	0
IS	1476	567	557	10	0
IS	1477	607	602	5	0
IS	1478	606	602	4	0
IS	1479	662	661	1	0
IS	1480	665	654	11	0
IS	1481	625	620	5	0
IS	1482	682	677	5	0
IS	1483	599	593	6	0
IS	1484	673	669	4	0
IS	1485	672	668	4	0
IS	1486	655	645	10	0
IS	1487	687	684	3	0
IS	1488	655	652	3	0
IS	1489	608	602	6	0
IS	1490	619	610	9	0
IS	1491	631	629	2	0
IS	1492	634	628	6	0
IS	1493	666	662	4	0
IS	1494	665	660	5	0
IS	1495	665	659	6	0
IS	1496	669	666	3	0
IS	1497	643	639	4	0
IS	1498	687	681	6	0
IS	1499	658	655	3	0
IS	1500	629	624	5	0
IS	1501	666	661	5	0
IS	1502	649	645	4	0
IS	1503	709	707	2	0
IS	1504	626	622	4	0
IS	1505	637	630	7	0
IS	1506	611	602	9	0
IS	1507	740	732	8	0
IS	1508	712	706	6	0
IS	1509	574	573	1	0
IS	1510	634	622	12	0
IS	1511	662	656	6	0
IS	1512	671	664	7	0
IS	1513	622	615	7	0
IS	1514	690	680	10	0
IS	1515	684	676	8	0
IS	1516	660	650	10	0
IS	1517	718	713	5	0
IS	1518	655	653	2	0
IS	1519	725	718	7	0
IS	1520	609	605	4	0
IS	1521	631	626	5	0
IS	1522	612	606	6	0
IS	1523	634	627	7	0
IS	1524	652	649	3	0
IS	1525	679	676	3	0
IS	1526	658	652	6	0
IS	1527	715	707	8	0
IS	1528	614	610	4	0
IS	1529	641	632	9	0
IS	1530	613	608	5	0
IS	1531	733	726	7	0
IS	1532	653	648	5	0
IS	1533	689	686	3	0
IS	1534	661	655	6	0
IS	1535	671	664	7	0
IS	1536	606	600	6	0
IS	1537	650	646	4	0
IS	1538	623	615	8	0
IS	1539	617	612	5	0
IS	1540	683	676	7	0
IS	1541	684	676	8	0
IS	1542	663	660	3	0
IS	1543	649	641	8	0
IS	1544	666	661	5	0
IS	1545	671	668	3	0
IS	1546	621	618	3	0
IS	1547	761	759	2	0
IS	1548	639	635	4	0
IS	1549	649	645	4	0
IS	1550	740	733	7	0
IS	1551	727	718	9	0
IS	1552	673	670	3	0
IS	1553	633	631	2	0
IS	1554	794	785	9	0
IS	1555	667	664	3	0
IS	1556	679	674	5	0
IS	1557	655	649	6	0
IS	1558	642	637	5	0
IS	1559	676	673	3	0
IS	1560	725	719	6	0
IS	1561	615	606	9	0
IS	1562	632	627	5	0
IS	1563	698	693	5	0
IS	1564	669	665	4	0
IS	1565	685	679	6	0
IS	1566	689	684	5	0
IS	1567	717	709	8	0
IS	1568	734	732	2	0
IS	1569	588	583	5	0
IS	1570	627	626	1	0
IS	1571	628	622	6	0
IS	1572	573	570	3	0
IS	1573	644	638	6	0
IS	1574	652	643	9	0
IS	1575	623	619	4	0
IS	1576	706	704	2	0
IS	1577	661	656	5	0
IS	1578	630	624	6	0
IS	1579	685	682	3	0
IS	1580	665	661	4	0
IS	1581	623	618	5	0
IS	1582	656	654	2	0
IS	1583	636	630	6	0
IS	1584	669	666	3	0
IS	1585	690	685	5	0
IS	1586	693	684	9	0
IS	1587	675	670	5	0
IS	1588	670	667	3	0
IS	1589	644	637	7	0
IS	1590	738	730	8	0
IS	1591	665	662	3	0
IS	1592	666	660	6	0
IS	1593	742	735	7	0
IS	1594	583	573	10	0
IS	1595	656	651	5	0
IS	1596	724	714	10	0
IS	1597	653	649	4	0
IS	1598	654	646	8	0
IS	1599	633	628	5	0
IS	1600	694	686	8	0
IS	1601	601	597	4	0
IS	1602	625	619	6	0
IS	1603	630	626	4	0
IS	1604	695	689	6	0
IS	1605	632	628	4	0
IS	1606	723	721	2	0
IS	1607	737	729	8	0
IS	1608	639	630	9	0
IS	1609	638	635	3	0
IS	1610	698	692	6	0
IS	1611	748	742	6	0
IS	1612	640	636	4	0
IS	1613	657	653	4	0
IS	1614	670	666	4	0
IS	1615	656	654	2	0
IS	1616	625	619	6	0
IS	1617	646	642	4	0
IS	1618	670	666	4	0
IS	1619	650	648	2	0
IS	1620	676	670	6	0
IS	1621	596	589	7	0
IS	1622	690	687	3	0
IS	1623	643	641	2	0
IS	1624	676	675	1	0
IS	1625	701	696	5	0
IS	1626	635	631	4	0
IS	1627	672	662	10	0
IS	1628	668	664	4	0
IS	1629	611	607	4	0
IS	1630	658	656	2	0
IS	1631	682	679	3	0
IS	1632	650	647	3	0
IS	1633	644	640	4	0
IS	1634	727	720	7	0
IS	1635	739	734	5	0
IS	1636	678	676	2	0
IS	1637	666	662	4	0
IS	1638	653	652	1	0
IS	1639	623	622	1	0
IS	1640	681	676	5	0
IS	1641	672	668	4	0
IS	1642	658	651	7	0
IS	1643	642	640	2	0
IS	1644	633	630	3	0
IS	1645	658	653	5	0
IS	1646	628	625	3	0
IS	1647	675	672	3	0
IS	1648	618	615	3	0
IS	1649	705	699	6	0
IS	1650	627	625	2	0
IS	1651	633	628	5	0
IS	1652	675	673	2	0
IS	1653	630	621	9	0
IS	1654	650	650	0	0
IS	1655	687	683	4	0
IS	1656	661	656	5	0
IS	1657	640	631	9	0
IS	1658	653	645	8	0
IS	1659	669	666	3	0
IS	1660	665	656	9	0
IS	1661	706	700	6	0
IS	1662	734	726	8	0
IS	1663	740	738	2	0
IS	1664	647	645	2	0
IS	1665	652	648	4	0
IS	1666	661	658	3	0
IS	1667	715	711	4	0
IS	1668	602	598	4	0
IS	1669	683	678	5	0
IS	1670	640	636	4	0
IS	1671	648	646	2	0
IS	1672	731	727	4	0
IS	1673	679	674	5	0
IS	1674	649	647	2	0
IS	1675	610	608	2	0
IS	1676	646	642	4	0
IS	1677	654	650	4	0
IS	1678	677	674	3	0
IS	1679	700	698	2	0
IS	1680	690	685	5	0
IS	1681	663	661	2	0
IS	1682	692	687	5	0
IS	1683	656	651	5	0
IS	1684	649	647	2	0
IS	1685	715	714	1	0
IS	1686	746	739	7	0
IS	1687	686	684	2	0
IS	1688	685	676	9	0
IS	1689	662	653	9	0
IS	1690	655	651	4	0
IS	1691	694	688	6	0
IS	1692	680	674	6	0
IS	1693	661	659	2	0
IS	1694	649	640	9	0
IS	1695	670	667	3	0
IS	1696	683	678	5	0
IS	1697	663	657	6	0
IS	1698	656	651	5	0
IS	1699	658	651	7	0
IS	1700	682	680	2	0
IS	1701	648	643	5	0
IS	1702	684	681	3	0
IS	1703	696	691	5	0
IS	1704	670	666	4	0
IS	1705	720	715	5	0
IS	1706	616	614	2	0
IS	1707	663	654	9	0
IS	1708	724	719	5	0
IS	1709	687	683	4	0
IS	1710	689	686	3	0
IS	1711	674	671	3	0
IS	1712	668	664	4	0
IS	1713	639	635	4	0
IS	1714	669	656	13	0
IS	1715	724	718	6	0
IS	1716	679	677	2	0
IS	1717	711	704	7	0
IS	1718	697	692	5	0
IS	1719	783	781	2	0
IS	1720	750	748	2	0
IS	1721	678	674	4	0
IS	1722	689	686	3	0
IS	1723	683	675	8	0
IS	1724	634	633	1	0
IS	1725	649	645	4	0
IS	1726	673	666	7	0
IS	1727	650	647	3	0
IS	1728	659	656	3	0
IS	1729	688	684	4	0
IS	1730	706	703	3	0
IS	1731	709	705	4	0
IS	1732	673	672	1	0
IS	1733	630	627	3	0
IS	1734	630	626	4	0
IS	1735	662	661	1	0
IS	1736	677	676	1	0
IS	1737	665	663	2	0
IS	1738	664	663	1	0
IS	1739	614	610	4	0
IS	1740	645	641	4	0
IS	1741	654	650	4	0
IS	1742	714	708	6	0
IS	1743	699	696	3	0
IS	1744	626	622	4	0
IS	1745	702	697	5	0
IS	1746	713	709	4	0
IS	1747	667	666	1	0
IS	1748	672	670	2	0
IS	1749	687	681	6	0
IS	1750	709	706	3	0
IS	1751	761	754	7	0
IS	1752	695	688	7	0
IS	1753	671	668	3	0
IS	1754	678	668	10	0
IS	1755	660	653	7	0
IS	1756	721	716	5	0
IS	1757	617	612	5	0
IS	1758	613	607	6	0
IS	1759	638	634	4	0
IS	1760	646	638	8	0
IS	1761	617	615	2	0
IS	1762	725	719	6	0
IS	1763	684	675	9	0
IS	1764	700	695	5	0
IS	1765	663	658	5	0
IS	1766	628	624	4	0
IS	1767	696	689	7	0
IS	1768	607	599	8	0
IS	1769	686	680	6	0
IS	1770	726	723	3	0
IS	1771	658	653	5	0
IS	1772	681	679	2	0
IS	1773	683	676	7	0
IS	1774	700	691	9	0
IS	1775	678	670	8	0
IS	1776	628	624	4	0
IS	1777	631	622	9	0
IS	1778	687	681	6	0
IS	1779	644	638	6	0
IS	1780	665	657	8	0
IS	1781	708	705	3	0
IS	1782	694	689	5	0
IS	1783	729	729	0	0
IS	1784	656	647	9	0
IS	1785	754	750	4	0
IS	1786	739	735	4	0
IS	1787	693	689	4	0
IS	1788	779	773	6	0
IS	1789	689	687	2	0
IS	1790	665	661	4	0
IS	1791	712	705	7	0
IS	1792	727	723	4	0
IS	1793	689	678	11	0
IS	1794	729	726	3	0
IS	1795	657	654	3	0
IS	1796	720	712	8	0
IS	1797	694	687	7	0
IS	1798	653	647	6	0
IS	1799	675	667	8	0
IS	1800	733	722	11	0
IS	1801	752	746	6	0
IS	1802	692	686	6	0
IS	1803	698	694	4	0
IS	1804	695	693	2	0
IS	1805	708	703	5	0
IS	1806	677	671	6	0
IS	1807	750	739	11	0
IS	1808	720	715	5	0
IS	1809	756	750	6	0
IS	1810	700	692	8	0
IS	1811	687	681	6	0
IS	1812	708	702	6	0
IS	1813	772	764	8	0
IS	1814	682	677	5	0
IS	1815	673	668	5	0
IS	1816	647	645	2	0
IS	1817	679	675	4	0
IS	1818	684	677	7	0
IS	1819	678	676	2	0
IS	1820	691	687	4	0
IS	1821	685	679	6	0
IS	1822	713	709	4	0
IS	1823	711	707	4	0
IS	1824	838	832	6	0
IS	1825	705	701	4	0
IS	1826	801	794	7	0
IS	1827	671	667	4	0
IS	1828	734	727	7	0
IS	1829	743	736	7	0
IS	1830	746	744	2	0
IS	1831	723	720	3	0
IS	1832	684	679	5	0
IS	1833	744	737	7	0
IS	1834	756	754	2	0
IS	1835	776	771	5	0
IS	1836	748	747	1	0
IS	1837	742	739	3	0
IS	1838	791	786	5	0
IS	1839	791	784	7	0
IS	1840	700	697	3	0
IS	1841	722	720	2	0
IS	1842	690	687	3	0
IS	1843	707	692	15	0
IS	1844	695	695	0	0
IS	1845	731	730	1	0
IS	1846	792	790	2	0
IS	1847	733	733	0	0
IS	1848	753	750	3	0
IS	1849	710	708	2	0
IS	1850	715	708	7	0
IS	1851	728	718	10	0
IS	1852	736	728	8	0
IS	1853	735	732	3	0
IS	1854	674	668	6	0
IS	1855	796	793	3	0
IS	1856	709	706	3	0
IS	1857	766	759	7	0
IS	1858	723	713	10	0
IS	1859	706	701	5	0
IS	1860	745	741	4	0
IS	1861	652	647	5	0
IS	1862	689	684	5	0
IS	1863	755	750	5	0
IS	1864	716	710	6	0
IS	1865	743	738	5	0
IS	1866	678	670	8	0
IS	1867	733	726	7	0
IS	1868	719	712	7	0
IS	1869	692	690	2	0
IS	1870	782	779	3	0
IS	1871	711	707	4	0
IS	1872	740	736	4	0
IS	1873	764	760	4	0
IS	1874	732	727	5	0
IS	1875	807	800	7	0
IS	1876	736	736	0	0
IS	1877	690	686	4	0
IS	1878	694	690	4	0
IS	1879	716	715	1	0
IS	1880	706	704	2	0
IS	1881	705	699	6	0
IS	1882	751	745	6	0
IS	1883	718	716	2	0
IS	1884	694	692	2	0
IS	1885	735	728	7	0
IS	1886	699	696	3	0
IS	1887	691	686	5	0
IS	1888	717	716	1	0
IS	1889	705	701	4	0
IS	1890	748	746	2	0
IS	1891	769	765	4	0
IS	1892	654	650	4	0
IS	1893	761	759	2	0
IS	1894	736	730	6	0
IS	1895	658	656	2	0
IS	1896	746	746	0	0
IS	1897	689	687	2	0
IS	1898	737	734	3	0
IS	1899	731	728	3	0
IS	1900	630	626	4	0
IS	1901	714	711	3	0
IS	1902	711	709	2	0
IS	1903	690	683	7	0
IS	1904	787	782	5	0
IS	1905	800	795	5	0
IS	1906	696	694	2	0
IS	1907	715	712	3	0
IS	1908	766	764	2	0
IS	1909	691	686	5	0
IS	1910	712	704	8	0
IS	1911	682	676	6	0
IS	1912	766	764	2	0
IS	1913	745	743	2	0
IS	1914	773	768	5	0
IS	1915	722	718	4	0
IS	1916	729	722	7	0
IS	1917	687	686	1	0
IS	1918	792	789	3	0
IS	1919	766	762	4	0
IS	1920	753	749	4	0
IS	1921	727	726	1	0
IS	1922	706	703	3	0
IS	1923	683	677	6	0
IS	1924	753	749	4	0
IS	1925	732	730	2	0
IS	1926	749	746	3	0
IS	1927	717	713	4	0
IS	1928	684	682	2	0
IS	1929	748	742	6	0
IS	1930	716	713	3	0
IS	1931	722	719	3	0
IS	1932	690	686	4	0
IS	1933	701	699	2	0
IS	1934	652	645	7	0
IS	1935	633	628	5	0
IS	1936	748	745	3	0
IS	1937	761	755	6	0
IS	1938	761	754	7	0
IS	1939	684	680	4	0
IS	1940	717	713	4	0
IS	1941	715	710	5	0
IS	1942	724	720	4	0
IS	1943	677	672	5	0
IS	1944	653	644	9	0
IS	1945	634	626	8	0
IS	1946	683	679	4	0
IS	1947	684	680	4	0
IS	1948	651	642	9	0
IS	1949	647	641	6	0
IS	1950	670	665	5	0
IS	1951	665	656	9	0
IS	1952	695	692	3	0
IS	1953	696	692	4	0
IS	1954	650	649	1	0
IS	1955	651	649	2	0
IS	1956	770	764	6	0
IS	1957	697	693	4	0
IS	1958	751	749	2	0
IS	1959	725	722	3	0
IS	1960	642	636	6	0
IS	1961	637	631	6	0
IS	1962	711	707	4	0
IS	1963	667	659	8	0
IS	1964	712	707	5	0
IS	1965	680	673	7	0
IS	1966	654	652	2	0
IS	1967	635	631	4	0
IS	1968	696	695	1	0
IS	1969	683	680	3	0
IS	1970	680	675	5	0
IS	1971	691	689	2	0
IS	1972	689	685	4	0
IS	1973	667	666	1	0
IS	1974	764	762	2	0
IS	1975	705	699	6	0
IS	1976	616	612	4	0
IS	1977	648	644	4	0
IS	1978	650	641	9	0
IS	1979	720	715	5	0
IS	1980	675	669	6	0
IS	1981	679	671	8	0
IS	1982	706	701	5	0
IS	1983	648	647	1	0
IS	1984	672	666	6	0
IS	1985	651	645	6	0
IS	1986	711	705	6	0
IS	1987	713	707	6	0
IS	1988	684	678	6	0
IS	1989	624	620	4	0
IS	1990	700	698	2	0
IS	1991	647	641	6	0
IS	1992	643	640	3	0
IS	1993	755	752	3	0
IS	1994	691	690	1	0
IS	1995	675	670	5	0
IS	1996	657	654	3	0
IS	1997	675	671	4	0
IS	1998	640	635	5	0
IS	1999	606	603	3	0
IS	2000	646	642	4	0
IS	2001	696	691	5	0
IS	2002	638	636	2	0
IS	2003	704	697	7	0
IS	2004	662	655	7	0
IS	2005	722	714	8	0
IS	2006	679	675	4	0
IS	2007	708	701	7	0
IS	2008	691	690	1	0
IS	2009	723	716	7	0
IS	2010	672	668	4	0
IS	2011	720	715	5	0
IS	2012	709	706	3	0
IS	2013	713	708	5	0
IS	2014	705	704	1	0
IS	2015	734	730	4	0
IS	2016	671	666	5	0
IS	2017	665	655	10	0
IS	2018	678	668	10	0
IS	2019	681	676	5	0
IS	2020	717	716	1	0
IS	2021	632	630	2	0
IS	2022	664	661	3	0
IS	2023	725	720	5	0
IS	2024	725	722	3	0
IS	2025	694	689	5	0
IS	2026	728	718	10	0
IS	2027	722	719	3	0
IS	2028	700	693	7	0
IS	2029	726	719	7	0
IS	2030	691	687	4	0
IS	2031	705	699	6	0
IS	2032	713	707	6	0
IS	2033	693	690	3	0
IS	2034	684	681	3	0
IS	2035	687	684	3	0
IS	2036	680	675	5	0
IS	2037	705	703	2	0
IS	2038	699	696	3	0
IS	2039	714	707	7	0
IS	2040	735	730	5	0
IS	2041	726	718	8	0
IS	2042	657	653	4	0
IS	2043	671	667	4	0
IS	2044	666	663	3	0
IS	2045	734	732	2	0
IS	2046	689	686	3	0
IS	2047	652	647	5	0
IS	2048	700	696	4	0
IS	2049	727	723	4	0
IS	2050	684	678	6	0
IS	2051	697	691	6	0
IS	2052	717	713	4	0
IS	2053	644	641	3	0
IS	2054	737	727	10	0
IS	2055	660	655	5	0
IS	2056	698	690	8	0
IS	2057	716	712	4	0
IS	2058	761	754	7	0
IS	2059	648	644	4	0
IS	2060	692	686	6	0
IS	2061	788	783	5	0
IS	2062	728	719	9	0
IS	2063	669	664	5	0
IS	2064	729	724	5	0
IS	2065	695	690	5	0
IS	2066	769	766	3	0
IS	2067	744	739	5	0
IS	2068	725	719	6	0
IS	2069	759	757	2	0
IS	2070	686	682	4	0
IS	2071	660	653	7	0
IS	2072	697	690	7	0
IS	2073	709	707	2	0
IS	2074	759	756	3	0
IS	2075	700	699	1	0
IS	2076	723	717	6	0
IS	2077	752	748	4	0
IS	2078	732	728	4	0
IS	2079	732	731	1	0
IS	2080	807	805	2	0
IS	2081	697	692	5	0
IS	2082	672	663	9	0
IS	2083	748	745	3	0
IS	2084	780	776	4	0
IS	2085	769	762	7	0
IS	2086	738	734	4	0
IS	2087	790	783	7	0
IS	2088	725	721	4	0
IS	2089	741	736	5	0
IS	2090	685	681	4	0
IS	2091	664	659	5	0
IS	2092	745	740	5	0
IS	2093	721	718	3	0
IS	2094	742	739	3	0
IS	2095	793	787	6	0
IS	2096	751	746	5	0
IS	2097	750	744	6	0
IS	2098	700	696	4	0
IS	2099	748	747	1	0
IS	2100	763	755	8	0
IS	2101	774	771	3	0
IS	2102	759	756	3	0
IS	2103	733	730	3	0
IS	2104	733	728	5	0
IS	2105	774	771	3	0
IS	2106	772	766	6	0
IS	2107	687	684	3	0
IS	2108	676	672	4	0
IS	2109	696	691	5	0
IS	2110	732	723	9	0
IS	2111	673	667	6	0
IS	2112	752	745	7	0
IS	2113	778	772	6	0
IS	2114	694	689	5	0
IS	2115	723	718	5	0
IS	2116	751	750	1	0
IS	2117	817	813	4	0
IS	2118	738	733	5	0
IS	2119	744	741	3	0
IS	2120	725	716	9	0
IS	2121	834	830	4	0
IS	2122	722	717	5	0
IS	2123	758	754	4	0
IS	2124	822	818	4	0
IS	2125	713	707	6	0
IS	2126	747	740	7	0
IS	2127	788	776	12	0
IS	2128	720	714	6	0
IS	2129	740	737	3	0
IS	2130	643	642	1	0
IS	2131	719	714	5	0
IS	2132	661	654	7	0
IS	2133	780	778	2	0
IS	2134	765	758	7	0
IS	2135	731	729	2	0
IS	2136	791	786	5	0
IS	2137	721	718	3	0
IS	2138	698	696	2	0
IS	2139	691	688	3	0
IS	2140	672	668	4	0
IS	2141	724	722	2	0
IS	2142	773	765	8	0
IS	2143	741	736	5	0
IS	2144	779	775	4	0
IS	2145	771	767	4	0
IS	2146	718	714	4	0
IS	2147	765	760	5	0
IS	2148	753	752	1	0
IS	2149	727	724	3	0
IS	2150	684	680	4	0
IS	2151	746	743	3	0
IS	2152	701	697	4	0
IS	2153	734	732	2	0
IS	2154	695	688	7	0
IS	2155	710	708	2	0
IS	2156	713	709	4	0
IS	2157	704	697	7	0
IS	2158	700	699	1	0
IS	2159	697	690	7	0
IS	2160	705	701	4	0
IS	2161	702	696	6	0
IS	2162	705	698	7	0
IS	2163	705	696	9	0
IS	2164	743	736	7	0
IS	2165	742	738	4	0
IS	2166	730	726	4	0
IS	2167	729	723	6	0
IS	2168	667	665	2	0
IS	2169	773	768	5	0
IS	2170	775	771	4	0
IS	2171	807	803	4	0
IS	2172	705	699	6	0
IS	2173	718	709	9	0
IS	2174	732	728	4	0
IS	2175	709	706	3	0
IS	2176	698	695	3	0
IS	2177	725	718	7	0
IS	2178	773	767	6	0
IS	2179	688	684	4	0
IS	2180	776	770	6	0
IS	2181	772	763	9	0
IS	2182	680	676	4	0
IS	2183	749	744	5	0
IS	2184	732	727	5	0
IS	2185	717	714	3	0
IS	2186	777	773	4	0
IS	2187	748	743	5	0
IS	2188	779	775	4	0
IS	2189	725	720	5	0
IS	2190	711	708	3	0
IS	2191	716	715	1	0
IS	2192	672	666	6	0
IS	2193	727	722	5	0
IS	2194	695	686	9	0
IS	2195	743	733	10	0
IS	2196	746	739	7	0
IS	2197	765	758	7	0
IS	2198	781	771	10	0
IS	2199	756	750	6	0
IS	2200	686	680	6	0
IS	2201	748	740	8	0
IS	2202	716	709	7	0
IS	2203	754	748	6	0
IS	2204	782	777	5	0
IS	2205	731	722	9	0
IS	2206	764	754	10	0
IS	2207	763	752	11	0
IS	2208	684	679	5	0
IS	2209	735	724	11	0
IS	2210	745	737	8	0
IS	2211	709	704	5	0
IS	2212	839	835	4	0
IS	2213	747	742	5	0
IS	2214	762	758	4	0
IS	2215	741	731	10	0
IS	2216	795	790	5	0
IS	2217	763	756	7	0
IS	2218	774	767	7	0
IS	2219	716	705	11	0
IS	2220	788	782	6	0
IS	2221	808	801	7	0
IS	2222	735	729	6	0
IS	2223	787	782	5	0
IS	2224	748	744	4	0
IS	2225	787	781	6	0
IS	2226	722	718	4	0
IS	2227	769	765	4	0
IS	2228	714	712	2	0
IS	2229	752	747	5	0
IS	2230	782	775	7	0
IS	2231	791	780	11	0
IS	2232	850	847	3	0
IS	2233	706	705	1	0
IS	2234	722	720	2	0
IS	2235	746	743	3	0
IS	2236	770	767	3	0
IS	2237	786	783	3	0
IS	2238	716	713	3	0
IS	2239	750	743	7	0
IS	2240	756	751	5	0
IS	2241	747	744	3	0
IS	2242	771	766	5	0
IS	2243	822	817	5	0
IS	2244	835	830	5	0
IS	2245	760	751	9	0
IS	2246	726	725	1	0
IS	2247	819	817	2	0
IS	2248	717	716	1	0
IS	2249	741	737	4	0
IS	2250	837	835	2	0
IS	2251	817	812	5	0
IS	2252	777	776	1	0
IS	2253	761	758	3	0
IS	2254	776	769	7	0
IS	2255	697	695	2	0
IS	2256	761	757	4	0
IS	2257	683	677	6	0
IS	2258	784	777	7	0
IS	2259	806	802	4	0
IS	2260	707	706	1	0
IS	2261	750	746	4	0
IS	2262	682	680	2	0
IS	2263	765	764	1	0
IS	2264	775	773	2	0
IS	2265	770	764	6	0
IS	2266	732	727	5	0
IS	2267	766	763	3	0
IS	2268	742	740	2	0
IS	2269	759	755	4	0
IS	2270	772	771	1	0
IS	2271	755	753	2	0
IS	2272	770	767	3	0
IS	2273	725	722	3	0
IS	2274	748	745	3	0
IS	2275	725	722	3	0
IS	2276	744	738	6	0
IS	2277	747	744	3	0
IS	2278	720	717	3	0
IS	2279	795	785	10	0
IS	2280	734	730	4	0
IS	2281	749	744	5	0
IS	2282	734	732	2	0
IS	2283	738	733	5	0
IS	2284	773	772	1	0
IS	2285	819	816	3	0
IS	2286	721	718	3	0
IS	2287	757	750	7	0
IS	2288	765	760	5	0
IS	2289	752	748	4	0
IS	2290	750	746	4	0
IS	2291	728	725	3	0
IS	2292	817	808	9	0
IS	2293	807	805	2	0
IS	2294	764	761	3	0
IS	2295	760	757	3	0
IS	2296	788	787	1	0
IS	2297	733	730	3	0
IS	2298	784	779	5	0
IS	2299	774	770	4	0
IS	2300	834	831	3	0
IS	2301	751	742	9	0
IS	2302	786	777	9	0
IS	2303	804	797	7	0
IS	2304	830	827	3	0
IS	2305	711	706	5	0
IS	2306	799	796	3	0
IS	2307	770	766	4	0
IS	2308	761	759	2	0
IS	2309	777	770	7	0
IS	2310	769	764	5	0
IS	2311	809	803	6	0
IS	2312	671	668	3	0
IS	2313	798	791	7	0
IS	2314	779	776	3	0
IS	2315	827	820	7	0
IS	2316	745	743	2	0
IS	2317	735	729	6	0
IS	2318	757	755	2	0
IS	2319	783	779	4	0
IS	2320	744	741	3	0
IS	2321	763	759	4	0
IS	2322	711	707	4	0
IS	2323	798	795	3	0
IS	2324	783	775	8	0
IS	2325	837	831	6	0
IS	2326	776	775	1	0
IS	2327	756	749	7	0
IS	2328	782	779	3	0
IS	2329	764	762	2	0
IS	2330	736	732	4	0
IS	2331	695	691	4	0
IS	2332	778	776	2	0
IS	2333	749	745	4	0
IS	2334	746	742	4	0
IS	2335	786	780	6	0
IS	2336	764	763	1	0
IS	2337	711	710	1	0
IS	2338	769	765	4	0
IS	2339	706	702	4	0
IS	2340	737	733	4	0
IS	2341	756	755	1	0
IS	2342	753	749	4	0
IS	2343	756	752	4	0
IS	2344	732	728	4	0
IS	2345	786	784	2	0
IS	2346	755	753	2	0
IS	2347	774	770	4	0
IS	2348	774	768	6	0
IS	2349	801	795	6	0
IS	2350	792	788	4	0
IS	2351	783	778	5	0
IS	2352	706	703	3	0
IS	2353	704	701	3	0
IS	2354	703	699	4	0
IS	2355	742	739	3	0
IS	2356	802	800	2	0
IS	2357	810	807	3	0
IS	2358	786	785	1	0
IS	2359	819	814	5	0
IS	2360	705	700	5	0
IS	2361	719	719	0	0
IS	2362	810	808	2	0
IS	2363	772	767	5	0
IS	2364	752	746	6	0
IS	2365	717	715	2	0
IS	2366	738	736	2	0
IS	2367	784	778	6	0
IS	2368	709	706	3	0
IS	2369	751	746	5	0
IS	2370	753	747	6	0
IS	2371	699	697	2	0
IS	2372	697	693	4	0
IS	2373	659	653	6	0
IS	2374	745	744	1	0
IS	2375	760	755	5	0
IS	2376	797	787	10	0
IS	2377	807	803	4	0
IS	2378	711	708	3	0
IS	2379	722	718	4	0
IS	2380	685	678	7	0
IS	2381	760	756	4	0
IS	2382	708	704	4	0
IS	2383	710	704	6	0
IS	2384	658	653	5	0
IS	2385	735	729	6	0
IS	2386	744	736	8	0
IS	2387	753	751	2	0
IS	2388	762	758	4	0
IS	2389	721	717	4	0
IS	2390	745	739	6	0
IS	2391	690	689	1	0
IS	2392	734	731	3	0
IS	2393	716	709	7	0
IS	2394	725	723	2	0
IS	2395	675	671	4	0
IS	2396	701	699	2	0
IS	2397	735	735	0	0
IS	2398	737	735	2	0
IS	2399	761	761	0	0
IS	2400	665	665	0	0
IS	2401	700	698	2	0
IS	2402	739	736	3	0
IS	2403	758	756	2	0
IS	2404	686	681	5	0
IS	2405	682	680	2	0
IS	2406	705	700	5	0
IS	2407	727	726	1	0
IS	2408	699	699	0	0
IS	2409	674	673	1	0
IS	2410	755	754	1	0
IS	2411	710	708	2	0
IS	2412	762	760	2	0
IS	2413	655	652	3	0
IS	2414	717	713	4	0
IS	2415	680	679	1	0
IS	2416	744	744	0	0
IS	2417	714	713	1	0
IS	2418	615	606	9	0
IS	2419	693	691	2	0
IS	2420	694	692	2	0
IS	2421	701	696	5	0
IS	2422	730	728	2	0
IS	2423	707	705	2	0
IS	2424	651	647	4	0
IS	2425	722	717	5	0
IS	2426	721	716	5	0
IS	2427	683	681	2	0
IS	2428	765	757	8	0
IS	2429	725	722	3	0
IS	2430	694	689	5	0
IS	2431	712	711	1	0
IS	2432	709	707	2	0
IS	2433	733	729	4	0
IS	2434	679	677	2	0
IS	2435	687	685	2	0
IS	2436	708	705	3	0
IS	2437	676	670	6	0
IS	2438	670	666	4	0
IS	2439	766	763	3	0
IS	2440	753	752	1	0
IS	2441	755	752	3	0
IS	2442	681	675	6	0
IS	2443	746	744	2	0
IS	2444	701	700	1	0
IS	2445	688	687	1	0
IS	2446	704	701	3	0
IS	2447	721	719	2	0
IS	2448	726	722	4	0
IS	2449	720	711	9	0
IS	2450	695	694	1	0
IS	2451	742	738	4	0
IS	2452	675	671	4	0
IS	2453	749	747	2	0
IS	2454	708	706	2	0
IS	2455	702	696	6	0
IS	2456	777	772	5	0
IS	2457	688	686	2	0
IS	2458	662	659	3	0
IS	2459	744	740	4	0
IS	2460	700	693	7	0
IS	2461	665	662	3	0
IS	2462	723	721	2	0
IS	2463	752	749	3	0
IS	2464	662	656	6	0
IS	2465	698	695	3	0
IS	2466	724	719	5	0
IS	2467	719	715	4	0
IS	2468	702	700	2	0
IS	2469	672	666	6	0
IS	2470	676	673	3	0
IS	2471	685	684	1	0
IS	2472	651	649	2	0
IS	2473	699	695	4	0
IS	2474	653	650	3	0
IS	2475	666	658	8	0
IS	2476	648	647	1	0
IS	2477	724	721	3	0
IS	2478	659	653	6	0
IS	2479	678	676	2	0
IS	2480	716	716	0	0
IS	2481	698	696	2	0
IS	2482	647	646	1	0
IS	2483	627	625	2	0
IS	2484	684	682	2	0
IS	2485	638	634	4	0
IS	2486	705	700	5	0
IS	2487	699	697	2	0
IS	2488	695	691	4	0
IS	2489	678	671	7	0
IS	2490	654	650	4	0
IS	2491	633	626	7	0
IS	2492	647	637	10	0
IS	2493	643	639	4	0
IS	2494	699	692	7	0
IS	2495	637	636	1	0
IS	2496	655	653	2	0
IS	2497	696	694	2	0
IS	2498	688	686	2	0
IS	2499	669	667	2	0
IS	2500	663	659	4	0
IS	2501	656	653	3	0
IS	2502	599	598	1	0
IS	2503	630	628	2	0
IS	2504	626	624	2	0
IS	2505	643	638	5	0
IS	2506	691	687	4	0
IS	2507	751	747	4	0
IS	2508	716	715	1	0
IS	2509	649	644	5	0
IS	2510	702	696	6	0
IS	2511	702	696	6	0
IS	2512	648	645	3	0
IS	2513	691	684	7	0
IS	2514	640	638	2	0
IS	2515	673	671	2	0
IS	2516	728	722	6	0
IS	2517	696	691	5	0
IS	2518	700	696	4	0
IS	2519	655	652	3	0
IS	2520	624	621	3	0
IS	2521	617	614	3	0
IS	2522	664	656	8	0
IS	2523	638	633	5	0
IS	2524	657	648	9	0
IS	2525	676	673	3	0
IS	2526	578	573	5	0
IS	2527	651	644	7	0
IS	2528	654	650	4	0
IS	2529	634	629	5	0
IS	2530	635	629	6	0
IS	2531	658	657	1	0
IS	2532	661	656	5	0
IS	2533	663	656	7	0
IS	2534	677	671	6	0
IS	2535	647	645	2	0
IS	2536	614	610	4	0
IS	2537	663	655	8	0
IS	2538	639	636	3	0
IS	2539	598	590	8	0
IS	2540	636	636	0	0
IS	2541	639	635	4	0
IS	2542	686	677	9	0
IS	2543	647	644	3	0
IS	2544	630	627	3	0
IS	2545	630	625	5	0
IS	2546	701	698	3	0
IS	2547	662	656	6	0
IS	2548	651	648	3	0
IS	2549	620	613	7	0
IS	2550	692	687	5	0
IS	2551	686	681	5	0
IS	2552	728	725	3	0
IS	2553	697	695	2	0
IS	2554	638	637	1	0
IS	2555	617	615	2	0
IS	2556	680	675	5	0
IS	2557	589	586	3	0
IS	2558	653	650	3	0
IS	2559	634	629	5	0
IS	2560	672	669	3	0
IS	2561	609	605	4	0
IS	2562	698	694	4	0
IS	2563	665	663	2	0
IS	2564	615	613	2	0
IS	2565	690	688	2	0
IS	2566	658	656	2	0
IS	2567	724	718	6	0
IS	2568	629	626	3	0
IS	2569	691	689	2	0
IS	2570	707	705	2	0
IS	2571	611	606	5	0
IS	2572	668	664	4	0
IS	2573	605	601	4	0
IS	2574	748	743	5	0
IS	2575	673	670	3	0
IS	2576	672	668	4	0
IS	2577	673	666	7	0
IS	2578	618	617	1	0
IS	2579	696	696	0	0
IS	2580	663	658	5	0
IS	2581	670	669	1	0
IS	2582	624	620	4	0
IS	2583	640	638	2	0
IS	2584	649	645	4	0
IS	2585	643	636	7	0
IS	2586	686	683	3	0
IS	2587	662	658	4	0
IS	2588	624	621	3	0
IS	2589	586	583	3	0
IS	2590	591	586	5	0
IS	2591	675	675	0	0
IS	2592	636	630	6	0
IS	2593	648	646	2	0
IS	2594	703	698	5	0
IS	2595	677	676	1	0
IS	2596	639	636	3	0
IS	2597	696	693	3	0
IS	2598	632	625	7	0
IS	2599	665	661	4	0
IS	2600	594	588	6	0
IS	2601	703	700	3	0
IS	2602	645	639	6	0
IS	2603	686	679	7	0
IS	2604	583	581	2	0
IS	2605	668	664	4	0
IS	2606	649	646	3	0
IS	2607	662	661	1	0
IS	2608	629	627	2	0
IS	2609	690	689	1	0
IS	2610	649	646	3	0
IS	2611	664	663	1	0
IS	2612	631	626	5	0
IS	2613	590	582	8	0
IS	2614	574	572	2	0
IS	2615	605	603	2	0
IS	2616	618	618	0	0
IS	2617	633	628	5	0
IS	2618	640	638	2	0
IS	2619	636	633	3	0
IS	2620	684	681	3	0
IS	2621	621	615	6	0
IS	2622	671	666	5	0
IS	2623	625	619	6	0
IS	2624	604	603	1	0
IS	2625	648	644	4	0
IS	2626	663	661	2	0
IS	2627	669	666	3	0
IS	2628	643	639	4	0
IS	2629	607	598	9	0
IS	2630	674	668	6	0
IS	2631	692	688	4	0
IS	2632	628	623	5	0
IS	2633	624	618	6	0
IS	2634	667	665	2	0
IS	2635	682	677	5	0
IS	2636	607	603	4	0
IS	2637	674	671	3	0
IS	2638	621	618	3	0
IS	2639	633	630	3	0
IS	2640	680	675	5	0
IS	2641	628	625	3	0
IS	2642	673	668	5	0
IS	2643	620	614	6	0
IS	2644	604	598	6	0
IS	2645	610	608	2	0
IS	2646	619	617	2	0
IS	2647	644	644	0	0
IS	2648	668	664	4	0
IS	2649	675	670	5	0
IS	2650	622	620	2	0
IS	2651	649	646	3	0
IS	2652	684	681	3	0
IS	2653	607	603	4	0
IS	2654	625	620	5	0
IS	2655	674	672	2	0
IS	2656	604	601	3	0
IS	2657	633	628	5	0
IS	2658	640	636	4	0
IS	2659	689	685	4	0
IS	2660	658	652	6	0
IS	2661	615	613	2	0
IS	2662	639	637	2	0
IS	2663	652	648	4	0
IS	2664	700	691	9	0
IS	2665	661	658	3	0
IS	2666	668	661	7	0
IS	2667	643	641	2	0
IS	2668	655	651	4	0
IS	2669	564	560	4	0
IS	2670	622	619	3	0
IS	2671	644	638	6	0
IS	2672	675	672	3	0
IS	2673	660	658	2	0
IS	2674	602	599	3	0
IS	2675	648	642	6	0
IS	2676	693	688	5	0
IS	2677	610	605	5	0
IS	2678	642	639	3	0
IS	2679	633	632	1	0
IS	2680	632	628	4	0
IS	2681	639	633	6	0
IS	2682	618	613	5	0
IS	2683	541	539	2	0
IS	2684	652	650	2	0
IS	2685	628	624	4	0
IS	2686	645	643	2	0
IS	2687	640	634	6	0
IS	2688	703	700	3	0
IS	2689	690	689	1	0
IS	2690	672	667	5	0
IS	2691	580	576	4	0
IS	2692	592	591	1	0
IS	2693	646	644	2	0
IS	2694	617	613	4	0
IS	2695	657	653	4	0
IS	2696	600	596	4	0
IS	2697	650	644	6	0
IS	2698	628	626	2	0
IS	2699	659	656	3	0
IS	2700	618	612	6	0
IS	2701	718	716	2	0
IS	2702	649	648	1	0
IS	2703	610	610	0	0
IS	2704	661	655	6	0
IS	2705	603	599	4	0
IS	2706	658	653	5	0
IS	2707	655	649	6	0
IS	2708	626	623	3	0
IS	2709	648	641	7	0
IS	2710	666	662	4	0
IS	2711	650	645	5	0
IS	2712	644	639	5	0
IS	2713	619	614	5	0
IS	2714	650	647	3	0
IS	2715	588	586	2	0
IS	2716	664	659	5	0
IS	2717	630	626	4	0
IS	2718	643	642	1	0
IS	2719	696	693	3	0
IS	2720	623	619	4	0
IS	2721	604	595	9	0
IS	2722	633	627	6	0
IS	2723	618	612	6	0
IS	2724	598	594	4	0
IS	2725	629	623	6	0
IS	2726	635	631	4	0
IS	2727	645	636	9	0
IS	2728	679	674	5	0
IS	2729	657	655	2	0
IS	2730	596	592	4	0
IS	2731	667	662	5	0
IS	2732	591	586	5	0
IS	2733	667	665	2	0
IS	2734	619	616	3	0
IS	2735	673	670	3	0
IS	2736	649	644	5	0
IS	2737	645	641	4	0
IS	2738	587	582	5	0
IS	2739	643	638	5	0
IS	2740	615	608	7	0
IS	2741	648	644	4	0
IS	2742	694	691	3	0
IS	2743	663	661	2	0
IS	2744	661	659	2	0
IS	2745	639	636	3	0
IS	2746	644	641	3	0
IS	2747	655	652	3	0
IS	2748	565	565	0	0
IS	2749	648	647	1	0
IS	2750	653	652	1	0
IS	2751	588	585	3	0
IS	2752	650	648	2	0
IS	2753	607	605	2	0
IS	2754	611	610	1	0
IS	2755	652	650	2	0
IS	2756	642	638	4	0
IS	2757	672	666	6	0
IS	2758	628	627	1	0
IS	2759	665	662	3	0
IS	2760	579	574	5	0
IS	2761	578	574	4	0
IS	2762	633	630	3	0
IS	2763	588	583	5	0
IS	2764	622	621	1	0
IS	2765	623	622	1	0
IS	2766	596	591	5	0
IS	2767	615	612	3	0
IS	2768	656	652	4	0
IS	2769	603	597	6	0
IS	2770	572	571	1	0
IS	2771	612	609	3	0
IS	2772	663	659	4	0
IS	2773	577	573	4	0
IS	2774	608	602	6	0
IS	2775	621	620	1	0
IS	2776	604	603	1	0
IS	2777	593	590	3	0
IS	2778	610	608	2	0
IS	2779	663	660	3	0
IS	2780	647	643	4	0
IS	2781	663	661	2	0
IS	2782	675	669	6	0
IS	2783	602	599	3	0
IS	2784	727	722	5	0
IS	2785	570	570	0	0
IS	2786	629	627	2	0
IS	2787	638	636	2	0
IS	2788	618	616	2	0
IS	2789	709	707	2	0
IS	2790	617	615	2	0
IS	2791	672	667	5	0
IS	2792	608	605	3	0
IS	2793	646	646	0	0
IS	2794	576	574	2	0
IS	2795	601	595	6	0
IS	2796	667	667	0	0
IS	2797	604	601	3	0
IS	2798	644	638	6	0
IS	2799	596	594	2	0
IS	2800	689	686	3	0
IS	2801	671	670	1	0
IS	2802	657	653	4	0
IS	2803	614	611	3	0
IS	2804	693	691	2	0
IS	2805	698	697	1	0
IS	2806	646	644	2	0
IS	2807	658	658	0	0
IS	2808	639	638	1	0
IS	2809	624	621	3	0
IS	2810	622	619	3	0
IS	2811	644	642	2	0
IS	2812	680	676	4	0
IS	2813	686	684	2	0
IS	2814	633	632	1	0
IS	2815	557	555	2	0
IS	2816	561	559	2	0
IS	2817	628	626	2	0
IS	2818	726	722	4	0
IS	2819	573	568	5	0
IS	2820	684	681	3	0
IS	2821	648	647	1	0
IS	2822	648	645	3	0
IS	2823	628	626	2	0
IS	2824	609	606	3	0
IS	2825	711	711	0	0
IS	2826	688	687	1	0
IS	2827	644	642	2	0
IS	2828	667	663	4	0
IS	2829	548	546	2	0
IS	2830	656	650	6	0
IS	2831	621	620	1	0
IS	2832	683	681	2	0
IS	2833	616	615	1	0
IS	2834	634	630	4	0
IS	2835	704	701	3	0
IS	2836	655	653	2	0
IS	2837	601	599	2	0
IS	2838	729	727	2	0
IS	2839	621	617	4	0
IS	2840	613	611	2	0
IS	2841	691	688	3	0
IS	2842	614	606	8	0
IS	2843	636	633	3	0
IS	2844	703	698	5	0
IS	2845	621	615	6	0
IS	2846	653	652	1	0
IS	2847	647	646	1	0
IS	2848	601	598	3	0
IS	2849	645	645	0	0
IS	2850	612	610	2	0
IS	2851	688	686	2	0
IS	2852	693	690	3	0
IS	2853	659	656	3	0
IS	2854	612	612	0	0
IS	2855	603	596	7	0
IS	2856	655	653	2	0
IS	2857	602	601	1	0
IS	2858	642	637	5	0
IS	2859	675	672	3	0
IS	2860	643	637	6	0
IS	2861	622	618	4	0
IS	2862	683	678	5	0
IS	2863	611	607	4	0
IS	2864	619	618	1	0
IS	2865	646	644	2	0
IS	2866	686	685	1	0
IS	2867	594	588	6	0
IS	2868	652	647	5	0
IS	2869	669	666	3	0
IS	2870	634	631	3	0
IS	2871	587	582	5	0
IS	2872	570	568	2	0
IS	2873	617	614	3	0
IS	2874	561	558	3	0
IS	2875	572	570	2	0
IS	2876	584	581	3	0
IS	2877	626	622	4	0
IS	2878	636	634	2	0
IS	2879	612	609	3	0
IS	2880	521	518	3	0
IS	2881	628	626	2	0
IS	2882	578	574	4	0
IS	2883	549	543	6	0
IS	2884	612	612	0	0
IS	2885	572	570	2	0
IS	2886	634	630	4	0
IS	2887	551	548	3	0
IS	2888	557	555	2	0
IS	2889	609	606	3	0
IS	2890	627	620	7	0
IS	2891	625	620	5	0
IS	2892	539	536	3	0
IS	2893	531	528	3	0
IS	2894	599	596	3	0
IS	2895	549	544	5	0
IS	2896	548	541	7	0
IS	2897	618	611	7	0
IS	2898	560	555	5	0
IS	2899	612	607	5	0
IS	2900	574	572	2	0
IS	2901	572	568	4	0
IS	2902	581	577	4	0
IS	2903	593	592	1	0
IS	2904	560	559	1	0
IS	2905	548	542	6	0
IS	2906	599	597	2	0
IS	2907	624	621	3	0
IS	2908	562	560	2	0
IS	2909	652	648	4	0
IS	2910	583	582	1	0
IS	2911	614	609	5	0
IS	2912	570	568	2	0
IS	2913	551	549	2	0
IS	2914	557	555	2	0
IS	2915	631	626	5	0
IS	2916	555	552	3	0
IS	2917	536	533	3	0
IS	2918	616	609	7	0
IS	2919	582	580	2	0
IS	2920	564	557	7	0
IS	2921	575	566	9	0
IS	2922	594	593	1	0
IS	2923	554	549	5	0
IS	2924	620	613	7	0
IS	2925	526	524	2	0
IS	2926	616	614	2	0
IS	2927	639	637	2	0
IS	2928	583	579	4	0
IS	2929	549	549	0	0
IS	2930	572	571	1	0
IS	2931	586	580	6	0
IS	2932	471	470	1	0
IS	2933	606	602	4	0
IS	2934	572	572	0	0
IS	2935	583	582	1	0
IS	2936	562	562	0	0
IS	2937	575	573	2	0
IS	2938	618	618	0	0
IS	2939	569	567	2	0
IS	2940	635	635	0	0
IS	2941	607	607	0	0
IS	2942	562	559	3	0
IS	2943	572	570	2	0
IS	2944	603	600	3	0
IS	2945	563	560	3	0
IS	2946	533	532	1	0
IS	2947	600	598	2	0
IS	2948	662	660	2	0
IS	2949	544	539	5	0
IS	2950	567	562	5	0
IS	2951	586	584	2	0
IS	2952	588	587	1	0
IS	2953	547	545	2	0
IS	2954	592	590	2	0
IS	2955	629	628	1	0
IS	2956	592	588	4	0
IS	2957	581	576	5	0
IS	2958	511	509	2	0
IS	2959	600	599	1	0
IS	2960	571	570	1	0
IS	2961	545	542	3	0
IS	2962	529	529	0	0
IS	2963	610	605	5	0
IS	2964	623	620	3	0
IS	2965	572	569	3	0
IS	2966	560	558	2	0
IS	2967	585	581	4	0
IS	2968	488	487	1	0
IS	2969	569	567	2	0
IS	2970	562	561	1	0
IS	2971	559	557	2	0
IS	2972	576	576	0	0
IS	2973	550	550	0	0
IS	2974	565	561	4	0
IS	2975	553	550	3	0
IS	2976	540	538	2	0
IS	2977	568	563	5	0
IS	2978	572	570	2	0
IS	2979	625	622	3	0
IS	2980	567	564	3	0
IS	2981	586	586	0	0
IS	2982	530	529	1	0
IS	2983	601	600	1	0
IS	2984	565	563	2	0
IS	2985	554	551	3	0
IS	2986	558	555	3	0
IS	2987	536	535	1	0
IS	2988	582	578	4	0
IS	2989	567	561	6	0
IS	2990	552	552	0	0
IS	2991	602	598	4	0
IS	2992	540	539	1	0
IS	2993	487	486	1	0
IS	2994	586	583	3	0
IS	2995	524	520	4	0
IS	2996	534	533	1	0
IS	2997	526	523	3	0
IS	2998	561	560	1	0
IS	2999	545	545	0	0
IS	3000	559	556	3	0
IS	3001	524	524	0	0
IS	3002	516	515	1	0
IS	3003	588	587	1	0
IS	3004	544	543	1	0
IS	3005	539	538	1	0
IS	3006	541	536	5	0
IS	3007	529	526	3	0
IS	3008	528	528	0	0
IS	3009	553	552	1	0
IS	3010	559	555	4	0
IS	3011	557	553	4	0
IS	3012	588	585	3	0
IS	3013	589	587	2	0
IS	3014	528	526	2	0
IS	3015	527	526	1	0
IS	3016	514	513	1	0
IS	3017	506	504	2	0
IS	3018	551	545	6	0
IS	3019	529	527	2	0
IS	3020	517	515	2	0
IS	3021	514	511	3	0
IS	3022	577	574	3	0
IS	3023	503	498	5	0
IS	3024	509	508	1	0
IS	3025	457	457	0	0
IS	3026	572	570	2	0
IS	3027	481	477	4	0
IS	3028	533	530	3	0
IS	3029	448	448	0	0
IS	3030	556	554	2	0
IS	3031	525	522	3	0
IS	3032	527	524	3	0
IS	3033	520	520	0	0
IS	3034	510	508	2	0
IS	3035	516	513	3	0
IS	3036	504	499	5	0
IS	3037	550	550	0	0
IS	3038	528	526	2	0
IS	3039	497	494	3	0
IS	3040	543	540	3	0
IS	3041	562	558	4	0
IS	3042	475	471	4	0
IS	3043	529	524	5	0
IS	3044	492	487	5	0
IS	3045	489	485	4	0
IS	3046	482	482	0	0
IS	3047	522	522	0	0
IS	3048	511	508	3	0
IS	3049	524	524	0	0
IS	3050	472	469	3	0
IS	3051	528	527	1	0
IS	3052	464	461	3	0
IS	3053	432	430	2	0
IS	3054	549	547	2	0
IS	3055	490	490	0	0
IS	3056	478	477	1	0
IS	3057	481	479	2	0
IS	3058	513	512	1	0
IS	3059	512	511	1	0
IS	3060	503	502	1	0
IS	3061	493	491	2	0
IS	3062	470	468	2	0
IS	3063	463	458	5	0
IS	3064	480	478	2	0
IS	3065	491	488	3	0
IS	3066	472	470	2	0
IS	3067	509	506	3	0
IS	3068	514	513	1	0
IS	3069	485	484	1	0
IS	3070	493	493	0	0
IS	3071	501	498	3	0
IS	3072	489	489	0	0
IS	3073	487	485	2	0
IS	3074	514	512	2	0
IS	3075	517	516	1	0
IS	3076	481	476	5	0
IS	3077	522	521	1	0
IS	3078	496	494	2	0
IS	3079	492	490	2	0
IS	3080	460	457	3	0
IS	3081	469	466	3	0
IS	3082	483	482	1	0
IS	3083	509	507	2	0
IS	3084	532	531	1	0
IS	3085	506	504	2	0
IS	3086	506	505	1	0
IS	3087	532	527	5	0
IS	3088	519	515	4	0
IS	3089	469	464	5	0
IS	3090	534	530	4	0
IS	3091	521	517	4	0
IS	3092	481	477	4	0
IS	3093	500	499	1	0
IS	3094	446	441	5	0
IS	3095	521	519	2	0
IS	3096	508	505	3	0
IS	3097	515	515	0	0
IS	3098	531	527	4	0
IS	3099	524	520	4	0
IS	3100	466	464	2	0
IS	3101	494	488	6	0
IS	3102	517	514	3	0
IS	3103	562	557	5	0
IS	3104	513	509	4	0
IS	3105	520	519	1	0
IS	3106	531	529	2	0
IS	3107	514	514	0	0
IS	3108	507	506	1	0
IS	3109	546	541	5	0
IS	3110	523	521	2	0
IS	3111	575	571	4	0
IS	3112	505	502	3	0
IS	3113	547	543	4	0
IS	3114	521	519	2	0
IS	3115	485	483	2	0
IS	3116	496	494	2	0
IS	3117	476	472	4	0
IS	3118	490	487	3	0
IS	3119	513	511	2	0
IS	3120	505	503	2	0
IS	3121	499	498	1	0
IS	3122	528	526	2	0
IS	3123	590	588	2	0
IS	3124	547	547	0	0
IS	3125	545	545	0	0
IS	3126	525	522	3	0
IS	3127	499	498	1	0
IS	3128	524	521	3	0
IS	3129	528	525	3	0
IS	3130	484	483	1	0
IS	3131	497	496	1	0
IS	3132	516	515	1	0
IS	3133	508	507	1	0
IS	3134	475	472	3	0
IS	3135	563	557	6	0
IS	3136	506	504	2	0
IS	3137	488	486	2	0
IS	3138	521	516	5	0
IS	3139	504	503	1	0
IS	3140	490	488	2	0
IS	3141	458	456	2	0
IS	3142	492	490	2	0
IS	3143	503	502	1	0
IS	3144	506	504	2	0
IS	3145	537	537	0	0
IS	3146	533	533	0	0
IS	3147	495	493	2	0
IS	3148	470	468	2	0
IS	3149	510	510	0	0
IS	3150	503	499	4	0
IS	3151	538	534	4	0
IS	3152	557	554	3	0
IS	3153	502	496	6	0
IS	3154	562	560	2	0
IS	3155	486	485	1	0
IS	3156	520	518	2	0
IS	3157	477	475	2	0
IS	3158	479	477	2	0
IS	3159	555	552	3	0
IS	3160	574	570	4	0
IS	3161	531	529	2	0
IS	3162	507	506	1	0
IS	3163	537	536	1	0
IS	3164	505	503	2	0
IS	3165	580	577	3	0
IS	3166	509	504	5	0
IS	3167	554	552	2	0
IS	3168	548	544	4	0
IS	3169	550	548	2	0
IS	3170	521	520	1	0
IS	3171	432	432	0	0
IS	3172	505	498	7	0
IS	3173	502	497	5	0
IS	3174	528	527	1	0
IS	3175	513	513	0	0
IS	3176	463	462	1	0
IS	3177	497	494	3	0
IS	3178	529	526	3	0
IS	3179	535	534	1	0
IS	3180	556	554	2	0
IS	3181	524	523	1	0
IS	3182	534	531	3	0
IS	3183	562	561	1	0
IS	3184	506	501	5	0
IS	3185	487	483	4	0
IS	3186	482	481	1	0
IS	3187	507	504	3	0
IS	3188	477	476	1	0
IS	3189	493	493	0	0
IS	3190	438	435	3	0
IS	3191	505	504	1	0
IS	3192	473	472	1	0
IS	3193	456	453	3	0
IS	3194	493	492	1	0
IS	3195	464	462	2	0
IS	3196	426	424	2	0
IS	3197	487	483	4	0
IS	3198	509	507	2	0
IS	3199	544	541	3	0
IS	3200	521	520	1	0
IS	3201	467	464	3	0
IS	3202	479	476	3	0
IS	3203	471	469	2	0
IS	3204	457	456	1	0
IS	3205	456	455	1	0
IS	3206	468	466	2	0
IS	3207	510	507	3	0
IS	3208	465	463	2	0
IS	3209	473	470	3	0
IS	3210	471	468	3	0
IS	3211	506	505	1	0
IS	3212	524	522	2	0
IS	3213	470	469	1	0
IS	3214	496	496	0	0
IS	3215	507	503	4	0
IS	3216	506	505	1	0
IS	3217	502	500	2	0
IS	3218	512	508	4	0
IS	3219	515	513	2	0
IS	3220	490	490	0	0
IS	3221	482	481	1	0
IS	3222	467	463	4	0
IS	3223	523	518	5	0
IS	3224	475	475	0	0
IS	3225	528	528	0	0
IS	3226	523	522	1	0
IS	3227	505	499	6	0
IS	3228	495	493	2	0
IS	3229	500	498	2	0
IS	3230	453	450	3	0
IS	3231	537	536	1	0
IS	3232	499	496	3	0
IS	3233	432	431	1	0
IS	3234	467	466	1	0
IS	3235	463	460	3	0
IS	3236	508	508	0	0
IS	3237	478	477	1	0
IS	3238	490	490	0	0
IS	3239	521	521	0	0
IS	3240	486	483	3	0
IS	3241	503	498	5	0
IS	3242	474	471	3	0
IS	3243	499	494	5	0
IS	3244	450	449	1	0
IS	3245	495	491	4	0
IS	3246	550	546	4	0
IS	3247	498	496	2	0
IS	3248	468	466	2	0
IS	3249	510	509	1	0
IS	3250	470	466	4	0
IS	3251	500	498	2	0
IS	3252	418	416	2	0
IS	3253	505	504	1	0
IS	3254	439	438	1	0
IS	3255	521	519	2	0
IS	3256	514	513	1	0
IS	3257	447	445	2	0
IS	3258	479	475	4	0
IS	3259	482	480	2	0
IS	3260	496	495	1	0
IS	3261	493	489	4	0
IS	3262	493	493	0	0
IS	3263	542	538	4	0
IS	3264	498	495	3	0
IS	3265	402	402	0	0
IS	3266	465	462	3	0
IS	3267	463	460	3	0
IS	3268	358	356	2	0
IS	3269	447	444	3	0
IS	3270	460	457	3	0
IS	3271	456	452	4	0
IS	3272	437	437	0	0
IS	3273	472	469	3	0
IS	3274	454	451	3	0
IS	3275	413	411	2	0
IS	3276	539	534	5	0
IS	3277	480	480	0	0
IS	3278	466	464	2	0
IS	3279	491	490	1	0
IS	3280	417	412	5	0
IS	3281	479	477	2	0
IS	3282	485	481	4	0
IS	3283	476	473	3	0
IS	3284	474	470	4	0
IS	3285	473	471	2	0
IS	3286	456	455	1	0
IS	3287	476	474	2	0
IS	3288	473	471	2	0
IS	3289	508	505	3	0
IS	3290	464	462	2	0
IS	3291	459	457	2	0
IS	3292	492	491	1	0
IS	3293	439	437	2	0
IS	3294	390	389	1	0
IS	3295	507	505	2	0
IS	3296	458	456	2	0
IS	3297	427	427	0	0
IS	3298	447	446	1	0
IS	3299	418	416	2	0
IS	3300	431	429	2	0
IS	3301	454	450	4	0
IS	3302	458	455	3	0
IS	3303	471	468	3	0
IS	3304	470	468	2	0
IS	3305	405	403	2	0
IS	3306	440	439	1	0
IS	3307	424	423	1	0
IS	3308	517	516	1	0
IS	3309	538	536	2	0
IS	3310	499	497	2	0
IS	3311	506	504	2	0
IS	3312	469	466	3	0
IS	3313	424	424	0	0
IS	3314	483	481	2	0
IS	3315	441	438	3	0
IS	3316	456	456	0	0
IS	3317	436	433	3	0
IS	3318	449	446	3	0
IS	3319	442	441	1	0
IS	3320	456	453	3	0
IS	3321	482	480	2	0
IS	3322	451	449	2	0
IS	3323	468	464	4	0
IS	3324	425	422	3	0
IS	3325	407	401	6	0
IS	3326	425	422	3	0
IS	3327	471	467	4	0
IS	3328	472	470	2	0
IS	3329	410	409	1	0
IS	3330	432	423	9	0
IS	3331	408	408	0	0
IS	3332	438	436	2	0
IS	3333	455	448	7	0
IS	3334	467	462	5	0
IS	3335	446	442	4	0
IS	3336	451	447	4	0
IS	3337	471	468	3	0
IS	3338	429	425	4	0
IS	3339	454	450	4	0
IS	3340	421	419	2	0
IS	3341	431	430	1	0
IS	3342	428	426	2	0
IS	3343	410	406	4	0
IS	3344	499	496	3	0
IS	3345	509	506	3	0
IS	3346	436	434	2	0
IS	3347	414	410	4	0
IS	3348	432	431	1	0
IS	3349	447	446	1	0
IS	3350	461	459	2	0
IS	3351	446	443	3	0
IS	3352	427	425	2	0
IS	3353	400	400	0	0
IS	3354	416	414	2	0
IS	3355	379	378	1	0
IS	3356	458	456	2	0
IS	3357	457	455	2	0
IS	3358	484	483	1	0
IS	3359	429	428	1	0
IS	3360	408	406	2	0
IS	3361	447	445	2	0
IS	3362	447	445	2	0
IS	3363	421	418	3	0
IS	3364	422	419	3	0
IS	3365	393	389	4	0
IS	3366	451	450	1	0
IS	3367	419	419	0	0
IS	3368	443	441	2	0
IS	3369	469	466	3	0
IS	3370	421	419	2	0
IS	3371	444	443	1	0
IS	3372	453	451	2	0
IS	3373	455	453	2	0
IS	3374	486	485	1	0
IS	3375	444	442	2	0
IS	3376	444	443	1	0
IS	3377	404	402	2	0
IS	3378	384	384	0	0
IS	3379	499	493	6	0
IS	3380	408	405	3	0
IS	3381	410	409	1	0
IS	3382	443	442	1	0
IS	3383	443	443	0	0
IS	3384	414	413	1	0
IS	3385	418	416	2	0
IS	3386	423	420	3	0
IS	3387	415	413	2	0
IS	3388	405	404	1	0
IS	3389	427	426	1	0
IS	3390	446	443	3	0
IS	3391	430	427	3	0
IS	3392	457	455	2	0
IS	3393	432	432	0	0
IS	3394	442	442	0	0
IS	3395	426	422	4	0
IS	3396	452	450	2	0
IS	3397	416	413	3	0
IS	3398	446	444	2	0
IS	3399	404	401	3	0
IS	3400	452	448	4	0
IS	3401	447	446	1	0
IS	3402	452	449	3	0
IS	3403	478	477	1	0
IS	3404	470	469	1	0
IS	3405	438	434	4	0
IS	3406	440	438	2	0
IS	3407	466	464	2	0
IS	3408	399	395	4	0
IS	3409	440	438	2	0
IS	3410	360	358	2	0
IS	3411	406	404	2	0
IS	3412	405	404	1	0
IS	3413	429	426	3	0
IS	3414	409	409	0	0
IS	3415	467	465	2	0
IS	3416	416	410	6	0
IS	3417	460	459	1	0
IS	3418	454	453	1	0
IS	3419	460	457	3	0
IS	3420	390	389	1	0
IS	3421	448	446	2	0
IS	3422	448	446	2	0
IS	3423	444	444	0	0
IS	3424	462	461	1	0
IS	3425	405	404	1	0
IS	3426	458	455	3	0
IS	3427	440	439	1	0
IS	3428	426	424	2	0
IS	3429	446	446	0	0
IS	3430	528	527	1	0
IS	3431	420	418	2	0
IS	3432	482	480	2	0
IS	3433	413	413	0	0
IS	3434	453	449	4	0
IS	3435	449	447	2	0
IS	3436	454	449	5	0
IS	3437	476	473	3	0
IS	3438	459	458	1	0
IS	3439	426	424	2	0
IS	3440	454	452	2	0
IS	3441	450	449	1	0
IS	3442	473	472	1	0
IS	3443	441	440	1	0
IS	3444	462	459	3	0
IS	3445	442	437	5	0
IS	3446	471	464	7	0
IS	3447	489	485	4	0
IS	3448	444	442	2	0
IS	3449	462	461	1	0
IS	3450	422	422	0	0
IS	3451	435	434	1	0
IS	3452	487	486	1	0
IS	3453	417	416	1	0
IS	3454	470	469	1	0
IS	3455	462	458	4	0
IS	3456	415	415	0	0
IS	3457	463	462	1	0
IS	3458	448	447	1	0
IS	3459	466	461	5	0
IS	3460	480	476	4	0
IS	3461	437	435	2	0
IS	3462	486	484	2	0
IS	3463	459	455	4	0
IS	3464	490	488	2	0
IS	3465	527	517	10	0
IS	3466	454	454	0	0
IS	3467	418	417	1	0
IS	3468	459	456	3	0
IS	3469	494	493	1	0
IS	3470	459	454	5	0
IS	3471	446	445	1	0
IS	3472	435	435	0	0
IS	3473	434	433	1	0
IS	3474	439	439	0	0
IS	3475	448	446	2	0
IS	3476	423	418	5	0
IS	3477	440	439	1	0
IS	3478	408	406	2	0
IS	3479	481	480	1	0
IS	3480	467	467	0	0
IS	3481	414	413	1	0
IS	3482	420	420	0	0
IS	3483	471	470	1	0
IS	3484	483	483	0	0
IS	3485	490	490	0	0
IS	3486	472	472	0	0
IS	3487	413	413	0	0
IS	3488	451	450	1	0
IS	3489	441	440	1	0
IS	3490	395	395	0	0
IS	3491	460	458	2	0
IS	3492	439	436	3	0
IS	3493	451	450	1	0
IS	3494	463	461	2	0
IS	3495	417	417	0	0
IS	3496	389	389	0	0
IS	3497	450	449	1	0
IS	3498	452	449	3	0
IS	3499	389	388	1	0
IS	3500	475	473	2	0
IS	3501	404	404	0	0
IS	3502	439	439	0	0
IS	3503	430	429	1	0
IS	3504	452	451	1	0
IS	3505	451	451	0	0
IS	3506	406	405	1	0
IS	3507	509	509	0	0
IS	3508	463	461	2	0
IS	3509	376	374	2	0
IS	3510	419	417	2	0
IS	3511	424	424	0	0
IS	3512	499	499	0	0
IS	3513	402	399	3	0
IS	3514	455	452	3	0
IS	3515	419	415	4	0
IS	3516	424	420	4	0
IS	3517	481	478	3	0
IS	3518	457	455	2	0
IS	3519	466	464	2	0
IS	3520	493	490	3	0
IS	3521	433	429	4	0
IS	3522	408	408	0	0
IS	3523	424	422	2	0
IS	3524	414	411	3	0
IS	3525	427	427	0	0
IS	3526	424	423	1	0
IS	3527	431	431	0	0
IS	3528	421	421	0	0
IS	3529	472	471	1	0
IS	3530	406	405	1	0
IS	3531	381	378	3	0
IS	3532	507	507	0	0
IS	3533	408	407	1	0
IS	3534	370	367	3	0
IS	3535	480	476	4	0
IS	3536	386	384	2	0
IS	3537	403	402	1	0
IS	3538	367	365	2	0
IS	3539	429	426	3	0
IS	3540	422	418	4	0
IS	3541	387	385	2	0
IS	3542	441	439	2	0
IS	3543	450	449	1	0
IS	3544	456	454	2	0
IS	3545	394	392	2	0
IS	3546	412	411	1	0
IS	3547	393	392	1	0
IS	3548	427	426	1	0
IS	3549	476	474	2	0
IS	3550	428	423	5	0
IS	3551	415	413	2	0
IS	3552	400	399	1	0
IS	3553	425	423	2	0
IS	3554	424	423	1	0
IS	3555	410	408	2	0
IS	3556	430	429	1	0
IS	3557	354	353	1	0
IS	3558	419	418	1	0
IS	3559	392	391	1	0
IS	3560	404	402	2	0
IS	3561	382	382	0	0
IS	3562	371	369	2	0
IS	3563	464	463	1	0
IS	3564	403	401	2	0
IS	3565	400	399	1	0
IS	3566	409	408	1	0
IS	3567	430	429	1	0
IS	3568	458	457	1	0
IS	3569	387	386	1	0
IS	3570	419	412	7	0
IS	3571	399	398	1	0
IS	3572	424	422	2	0
IS	3573	413	412	1	0
IS	3574	372	369	3	0
IS	3575	408	406	2	0
IS	3576	415	415	0	0
IS	3577	429	427	2	0
IS	3578	403	401	2	0
IS	3579	436	432	4	0
IS	3580	360	360	0	0
IS	3581	369	366	3	0
IS	3582	374	369	5	0
IS	3583	358	356	2	0
IS	3584	429	424	5	0
IS	3585	406	404	2	0
IS	3586	381	381	0	0
IS	3587	394	394	0	0
IS	3588	377	375	2	0
IS	3589	418	418	0	0
IS	3590	435	431	4	0
IS	3591	372	369	3	0
IS	3592	372	372	0	0
IS	3593	409	409	0	0
IS	3594	396	396	0	0
IS	3595	438	438	0	0
IS	3596	388	387	1	0
IS	3597	394	393	1	0
IS	3598	389	387	2	0
IS	3599	436	434	2	0
IS	3600	450	446	4	0
IS	3601	443	443	0	0
IS	3602	359	358	1	0
IS	3603	412	411	1	0
IS	3604	431	431	0	0
IS	3605	439	436	3	0
IS	3606	421	418	3	0
IS	3607	348	347	1	0
IS	3608	380	379	1	0
IS	3609	348	347	1	0
IS	3610	411	409	2	0
IS	3611	387	386	1	0
IS	3612	390	387	3	0
IS	3613	384	383	1	0
IS	3614	390	388	2	0
IS	3615	397	397	0	0
IS	3616	362	361	1	0
IS	3617	390	389	1	0
IS	3618	465	465	0	0
IS	3619	403	400	3	0
IS	3620	331	330	1	0
IS	3621	367	365	2	0
IS	3622	375	374	1	0
IS	3623	439	438	1	0
IS	3624	365	365	0	0
IS	3625	408	407	1	0
IS	3626	337	333	4	0
IS	3627	419	418	1	0
IS	3628	409	405	4	0
IS	3629	417	416	1	0
IS	3630	403	402	1	0
IS	3631	409	408	1	0
IS	3632	362	360	2	0
IS	3633	410	410	0	0
IS	3634	401	399	2	0
IS	3635	391	390	1	0
IS	3636	367	365	2	0
IS	3637	418	416	2	0
IS	3638	360	359	1	0
IS	3639	411	411	0	0
IS	3640	385	385	0	0
IS	3641	408	405	3	0
IS	3642	408	408	0	0
IS	3643	512	509	3	0
IS	3644	383	383	0	0
IS	3645	388	388	0	0
IS	3646	358	358	0	0
IS	3647	354	352	2	0
IS	3648	393	389	4	0
IS	3649	367	364	3	0
IS	3650	401	400	1	0
IS	3651	355	354	1	0
IS	3652	360	359	1	0
IS	3653	378	374	4	0
IS	3654	365	363	2	0
IS	3655	393	392	1	0
IS	3656	388	386	2	0
IS	3657	385	383	2	0
IS	3658	421	419	2	0
IS	3659	388	384	4	0
IS	3660	359	358	1	0
IS	3661	374	372	2	0
IS	3662	371	370	1	0
IS	3663	351	348	3	0
IS	3664	406	402	4	0
IS	3665	356	353	3	0
IS	3666	389	389	0	0
IS	3667	352	351	1	0
IS	3668	351	349	2	0
IS	3669	370	369	1	0
IS	3670	405	403	2	0
IS	3671	395	392	3	0
IS	3672	425	424	1	0
IS	3673	401	396	5	0
IS	3674	397	394	3	0
IS	3675	386	383	3	0
IS	3676	380	380	0	0
IS	3677	417	414	3	0
IS	3678	383	378	5	0
IS	3679	337	337	0	0
IS	3680	333	329	4	0
IS	3681	358	357	1	0
IS	3682	439	437	2	0
IS	3683	422	421	1	0
IS	3684	397	397	0	0
IS	3685	401	400	1	0
IS	3686	362	362	0	0
IS	3687	399	398	1	0
IS	3688	342	340	2	0
IS	3689	352	352	0	0
IS	3690	367	365	2	0
IS	3691	384	382	2	0
IS	3692	364	360	4	0
IS	3693	393	392	1	0
IS	3694	387	386	1	0
IS	3695	396	393	3	0
IS	3696	361	360	1	0
IS	3697	405	405	0	0
IS	3698	392	391	1	0
IS	3699	365	365	0	0
IS	3700	414	411	3	0
IS	3701	425	424	1	0
IS	3702	399	397	2	0
IS	3703	406	399	7	0
IS	3704	438	436	2	0
IS	3705	402	402	0	0
IS	3706	381	378	3	0
IS	3707	365	364	1	0
IS	3708	382	379	3	0
IS	3709	437	436	1	0
IS	3710	431	427	4	0
IS	3711	387	385	2	0
IS	3712	379	378	1	0
IS	3713	450	448	2	0
IS	3714	398	397	1	0
IS	3715	409	407	2	0
IS	3716	468	466	2	0
IS	3717	420	419	1	0
IS	3718	403	398	5	0
IS	3719	371	370	1	0
IS	3720	371	371	0	0
IS	3721	426	426	0	0
IS	3722	362	360	2	0
IS	3723	403	402	1	0
IS	3724	403	401	2	0
IS	3725	373	371	2	0
IS	3726	336	336	0	0
IS	3727	383	381	2	0
IS	3728	340	339	1	0
IS	3729	358	357	1	0
IS	3730	380	377	3	0
IS	3731	374	374	0	0
IS	3732	360	357	3	0
IS	3733	410	408	2	0
IS	3734	398	392	6	0
IS	3735	390	389	1	0
IS	3736	369	366	3	0
IS	3737	388	382	6	0
IS	3738	347	343	4	0
IS	3739	395	391	4	0
IS	3740	375	372	3	0
IS	3741	374	367	7	0
IS	3742	343	342	1	0
IS	3743	346	344	2	0
IS	3744	351	350	1	0
IS	3745	325	320	5	0
IS	3746	386	382	4	0
IS	3747	392	386	6	0
IS	3748	379	373	6	0
IS	3749	357	353	4	0
IS	3750	394	391	3	0
IS	3751	345	342	3	0
IS	3752	344	344	0	0
IS	3753	354	352	2	0
IS	3754	372	372	0	0
IS	3755	369	369	0	0
IS	3756	337	337	0	0
IS	3757	409	408	1	0
IS	3758	339	338	1	0
IS	3759	405	404	1	0
IS	3760	336	333	3	0
IS	3761	357	352	5	0
IS	3762	352	350	2	0
IS	3763	329	328	1	0
IS	3764	377	375	2	0
IS	3765	385	381	4	0
IS	3766	343	341	2	0
IS	3767	383	382	1	0
IS	3768	346	346	0	0
IS	3769	405	402	3	0
IS	3770	403	402	1	0
IS	3771	365	365	0	0
IS	3772	326	325	1	0
IS	3773	379	378	1	0
IS	3774	395	395	0	0
IS	3775	347	342	5	0
IS	3776	372	371	1	0
IS	3777	370	369	1	0
IS	3778	334	334	0	0
IS	3779	361	358	3	0
IS	3780	340	338	2	0
IS	3781	318	315	3	0
IS	3782	401	401	0	0
IS	3783	348	348	0	0
IS	3784	323	323	0	0
IS	3785	358	358	0	0
IS	3786	377	376	1	0
IS	3787	353	351	2	0
IS	3788	386	386	0	0
IS	3789	355	355	0	0
IS	3790	321	320	1	0
IS	3791	374	374	0	0
IS	3792	384	380	4	0
IS	3793	371	368	3	0
IS	3794	367	367	0	0
IS	3795	347	346	1	0
IS	3796	415	413	2	0
IS	3797	371	370	1	0
IS	3798	410	407	3	0
IS	3799	314	310	4	0
IS	3800	357	357	0	0
IS	3801	372	371	1	0
IS	3802	367	367	0	0
IS	3803	378	376	2	0
IS	3804	352	352	0	0
IS	3805	397	394	3	0
IS	3806	329	327	2	0
IS	3807	344	344	0	0
IS	3808	328	325	3	0
IS	3809	369	368	1	0
IS	3810	330	330	0	0
IS	3811	326	326	0	0
IS	3812	368	367	1	0
IS	3813	366	363	3	0
IS	3814	342	341	1	0
IS	3815	358	358	0	0
IS	3816	332	331	1	0
IS	3817	348	346	2	0
IS	3818	344	341	3	0
IS	3819	402	401	1	0
IS	3820	329	328	1	0
IS	3821	342	341	1	0
IS	3822	287	287	0	0
IS	3823	308	306	2	0
IS	3824	341	339	2	0
IS	3825	377	376	1	0
IS	3826	295	293	2	0
IS	3827	327	323	4	0
IS	3828	340	338	2	0
IS	3829	357	356	1	0
IS	3830	389	387	2	0
IS	3831	332	332	0	0
IS	3832	379	377	2	0
IS	3833	359	359	0	0
IS	3834	418	417	1	0
IS	3835	387	382	5	0
IS	3836	336	334	2	0
IS	3837	360	358	2	0
IS	3838	316	314	2	0
IS	3839	375	372	3	0
IS	3840	365	363	2	0
IS	3841	324	323	1	0
IS	3842	357	354	3	0
IS	3843	334	332	2	0
IS	3844	351	349	2	0
IS	3845	330	328	2	0
IS	3846	371	368	3	0
IS	3847	335	335	0	0
IS	3848	372	369	3	0
IS	3849	373	373	0	0
IS	3850	374	369	5	0
IS	3851	339	336	3	0
IS	3852	375	375	0	0
IS	3853	335	335	0	0
IS	3854	359	356	3	0
IS	3855	352	350	2	0
IS	3856	341	338	3	0
IS	3857	309	309	0	0
IS	3858	337	335	2	0
IS	3859	296	295	1	0
IS	3860	350	350	0	0
IS	3861	420	419	1	0
IS	3862	383	381	2	0
IS	3863	324	322	2	0
IS	3864	368	367	1	0
IS	3865	324	321	3	0
IS	3866	365	364	1	0
IS	3867	333	332	1	0
IS	3868	370	369	1	0
IS	3869	369	369	0	0
IS	3870	331	330	1	0
IS	3871	339	339	0	0
IS	3872	355	355	0	0
IS	3873	337	336	1	0
IS	3874	329	329	0	0
IS	3875	331	328	3	0
IS	3876	339	339	0	0
IS	3877	358	357	1	0
IS	3878	373	371	2	0
IS	3879	351	348	3	0
IS	3880	323	320	3	0
IS	3881	334	331	3	0
IS	3882	392	389	3	0
IS	3883	361	358	3	0
IS	3884	313	311	2	0
IS	3885	356	354	2	0
IS	3886	362	361	1	0
IS	3887	370	369	1	0
IS	3888	359	359	0	0
IS	3889	335	334	1	0
IS	3890	350	349	1	0
IS	3891	314	312	2	0
IS	3892	301	301	0	0
IS	3893	336	336	0	0
IS	3894	329	329	0	0
IS	3895	337	336	1	0
IS	3896	330	330	0	0
IS	3897	308	305	3	0
IS	3898	314	311	3	0
IS	3899	365	365	0	0
IS	3900	345	344	1	0
IS	3901	362	362	0	0
IS	3902	312	310	2	0
IS	3903	348	346	2	0
IS	3904	332	332	0	0
IS	3905	295	292	3	0
IS	3906	386	384	2	0
IS	3907	362	358	4	0
IS	3908	333	331	2	0
IS	3909	311	309	2	0
IS	3910	357	357	0	0
IS	3911	329	327	2	0
IS	3912	345	344	1	0
IS	3913	322	320	2	0
IS	3914	311	311	0	0
IS	3915	314	313	1	0
IS	3916	319	318	1	0
IS	3917	324	322	2	0
IS	3918	345	344	1	0
IS	3919	360	356	4	0
IS	3920	355	353	2	0
IS	3921	329	329	0	0
IS	3922	360	359	1	0
IS	3923	355	354	1	0
IS	3924	334	334	0	0
IS	3925	335	333	2	0
IS	3926	330	329	1	0
IS	3927	339	338	1	0
IS	3928	282	281	1	0
IS	3929	311	310	1	0
IS	3930	340	338	2	0
IS	3931	338	334	4	0
IS	3932	383	382	1	0
IS	3933	356	354	2	0
IS	3934	302	300	2	0
IS	3935	330	329	1	0
IS	3936	380	380	0	0
IS	3937	320	319	1	0
IS	3938	356	355	1	0
IS	3939	291	291	0	0
IS	3940	269	269	0	0
IS	3941	331	331	0	0
IS	3942	313	310	3	0
IS	3943	316	313	3	0
IS	3944	322	320	2	0
IS	3945	313	310	3	0
IS	3946	330	329	1	0
IS	3947	387	387	0	0
IS	3948	339	339	0	0
IS	3949	316	316	0	0
IS	3950	343	341	2	0
IS	3951	370	368	2	0
IS	3952	274	272	2	0
IS	3953	349	348	1	0
IS	3954	316	314	2	0
IS	3955	346	345	1	0
IS	3956	332	330	2	0
IS	3957	329	327	2	0
IS	3958	347	347	0	0
IS	3959	327	325	2	0
IS	3960	286	284	2	0
IS	3961	286	285	1	0
IS	3962	263	262	1	0
IS	3963	265	264	1	0
IS	3964	332	331	1	0
IS	3965	350	349	1	0
IS	3966	282	280	2	0
IS	3967	296	291	5	0
IS	3968	338	336	2	0
IS	3969	305	305	0	0
IS	3970	343	342	1	0
IS	3971	296	296	0	0
IS	3972	315	313	2	0
IS	3973	328	323	5	0
IS	3974	316	314	2	0
IS	3975	310	310	0	0
IS	3976	260	260	0	0
IS	3977	311	310	1	0
IS	3978	326	325	1	0
IS	3979	290	289	1	0
IS	3980	306	303	3	0
IS	3981	300	300	0	0
IS	3982	268	267	1	0
IS	3983	289	288	1	0
IS	3984	301	301	0	0
IS	3985	316	310	6	0
IS	3986	312	309	3	0
IS	3987	302	301	1	0
IS	3988	348	347	1	0
IS	3989	283	282	1	0
IS	3990	331	329	2	0
IS	3991	252	252	0	0
IS	3992	312	311	1	0
IS	3993	280	278	2	0
IS	3994	264	263	1	0
IS	3995	288	286	2	0
IS	3996	314	313	1	0
IS	3997	285	283	2	0
IS	3998	280	280	0	0
IS	3999	321	320	1	0
IS	4000	296	294	2	0
IS	4001	265	265	0	0
IS	4002	308	308	0	0
IS	4003	326	322	4	0
IS	4004	286	284	2	0
IS	4005	305	303	2	0
IS	4006	328	325	3	0
IS	4007	308	308	0	0
IS	4008	326	324	2	0
IS	4009	323	321	2	0
IS	4010	286	285	1	0
IS	4011	302	301	1	0
IS	4012	266	264	2	0
IS	4013	282	282	0	0
IS	4014	300	298	2	0
IS	4015	261	259	2	0
IS	4016	269	263	6	0
IS	4017	319	319	0	0
IS	4018	265	264	1	0
IS	4019	293	293	0	0
IS	4020	274	271	3	0
IS	4021	303	302	1	0
IS	4022	254	251	3	0
IS	4023	296	293	3	0
IS	4024	240	240	0	0
IS	4025	293	293	0	0
IS	4026	280	277	3	0
IS	4027	295	292	3	0
IS	4028	329	328	1	0
IS	4029	299	296	3	0
IS	4030	317	316	1	0
IS	4031	278	277	1	0
IS	4032	302	300	2	0
IS	4033	296	295	1	0
IS	4034	289	285	4	0
IS	4035	304	303	1	0
IS	4036	274	273	1	0
IS	4037	300	299	1	0
IS	4038	289	287	2	0
IS	4039	285	284	1	0
IS	4040	329	326	3	0
IS	4041	302	300	2	0
IS	4042	292	289	3	0
IS	4043	302	301	1	0
IS	4044	339	337	2	0
IS	4045	305	305	0	0
IS	4046	311	311	0	0
IS	4047	284	283	1	0
IS	4048	317	316	1	0
IS	4049	272	269	3	0
IS	4050	305	304	1	0
IS	4051	340	335	5	0
IS	4052	313	310	3	0
IS	4053	301	298	3	0
IS	4054	299	298	1	0
IS	4055	302	300	2	0
IS	4056	284	283	1	0
IS	4057	325	323	2	0
IS	4058	344	342	2	0
IS	4059	306	303	3	0
IS	4060	295	293	2	0
IS	4061	326	326	0	0
IS	4062	319	317	2	0
IS	4063	280	279	1	0
IS	4064	349	348	1	0
IS	4065	316	314	2	0
IS	4066	301	301	0	0
IS	4067	292	291	1	0
IS	4068	294	294	0	0
IS	4069	300	298	2	0
IS	4070	270	269	1	0
IS	4071	343	342	1	0
IS	4072	274	274	0	0
IS	4073	304	301	3	0
IS	4074	288	286	2	0
IS	4075	300	300	0	0
IS	4076	288	285	3	0
IS	4077	271	268	3	0
IS	4078	309	306	3	0
IS	4079	299	299	0	0
IS	4080	300	299	1	0
IS	4081	309	308	1	0
IS	4082	284	284	0	0
IS	4083	309	308	1	0
IS	4084	273	272	1	0
IS	4085	284	284	0	0
IS	4086	312	311	1	0
IS	4087	361	361	0	0
IS	4088	272	271	1	0
IS	4089	279	278	1	0
IS	4090	324	324	0	0
IS	4091	326	324	2	0
IS	4092	303	302	1	0
IS	4093	333	331	2	0
IS	4094	275	275	0	0
IS	4095	327	326	1	0
IS	4096	286	285	1	0
IS	4097	311	309	2	0
IS	4098	304	303	1	0
IS	4099	302	300	2	0
IS	4100	308	307	1	0
IS	4101	283	283	0	0
IS	4102	283	283	0	0
IS	4103	296	296	0	0
IS	4104	320	318	2	0
IS	4105	306	305	1	0
IS	4106	320	320	0	0
IS	4107	284	283	1	0
IS	4108	323	323	0	0
IS	4109	321	320	1	0
IS	4110	295	295	0	0
IS	4111	313	311	2	0
IS	4112	274	271	3	0
IS	4113	277	275	2	0
IS	4114	284	281	3	0
IS	4115	327	327	0	0
IS	4116	254	253	1	0
IS	4117	268	268	0	0
IS	4118	266	264	2	0
IS	4119	279	279	0	0
IS	4120	270	269	1	0
IS	4121	282	282	0	0
IS	4122	234	233	1	0
IS	4123	292	291	1	0
IS	4124	314	313	1	0
IS	4125	297	296	1	0
IS	4126	311	310	1	0
IS	4127	287	287	0	0
IS	4128	324	322	2	0
IS	4129	273	273	0	0
IS	4130	297	296	1	0
IS	4131	295	294	1	0
IS	4132	295	295	0	0
IS	4133	318	318	0	0
IS	4134	304	303	1	0
IS	4135	264	263	1	0
IS	4136	302	300	2	0
IS	4137	320	318	2	0
IS	4138	269	267	2	0
IS	4139	248	247	1	0
IS	4140	281	279	2	0
IS	4141	290	287	3	0
IS	4142	320	319	1	0
IS	4143	275	275	0	0
IS	4144	269	268	1	0
IS	4145	270	269	1	0
IS	4146	283	283	0	0
IS	4147	262	260	2	0
IS	4148	269	268	1	0
IS	4149	304	303	1	0
IS	4150	242	241	1	0
IS	4151	293	292	1	0
IS	4152	257	256	1	0
IS	4153	284	283	1	0
IS	4154	271	271	0	0
IS	4155	249	249	0	0
IS	4156	237	237	0	0
IS	4157	273	272	1	0
IS	4158	308	307	1	0
IS	4159	306	304	2	0
IS	4160	278	278	0	0
IS	4161	292	291	1	0
IS	4162	279	278	1	0
IS	4163	296	293	3	0
IS	4164	272	271	1	0
IS	4165	283	282	1	0
IS	4166	297	297	0	0
IS	4167	282	279	3	0
IS	4168	253	253	0	0
IS	4169	262	261	1	0
IS	4170	261	261	0	0
IS	4171	266	264	2	0
IS	4172	306	306	0	0
IS	4173	291	289	2	0
IS	4174	269	265	4	0
IS	4175	292	291	1	0
IS	4176	283	281	2	0
IS	4177	270	269	1	0
IS	4178	251	248	3	0
IS	4179	276	274	2	0
IS	4180	262	260	2	0
IS	4181	277	276	1	0
IS	4182	290	289	1	0
IS	4183	257	255	2	0
IS	4184	265	265	0	0
IS	4185	259	258	1	0
IS	4186	276	273	3	0
IS	4187	242	240	2	0
IS	4188	258	258	0	0
IS	4189	308	307	1	0
IS	4190	243	243	0	0
IS	4191	233	231	2	0
IS	4192	275	274	1	0
IS	4193	255	254	1	0
IS	4194	239	237	2	0
IS	4195	276	275	1	0
IS	4196	268	266	2	0
IS	4197	236	234	2	0
IS	4198	297	297	0	0
IS	4199	241	238	3	0
IS	4200	268	268	0	0
IS	4201	305	304	1	0
IS	4202	253	250	3	0
IS	4203	260	259	1	0
IS	4204	244	241	3	0
IS	4205	275	274	1	0
IS	4206	298	297	1	0
IS	4207	283	283	0	0
IS	4208	271	268	3	0
IS	4209	299	299	0	0
IS	4210	284	281	3	0
IS	4211	291	288	3	0
IS	4212	271	269	2	0
IS	4213	295	291	4	0
IS	4214	251	250	1	0
IS	4215	272	267	5	0
IS	4216	258	254	4	0
IS	4217	254	254	0	0
IS	4218	264	263	1	0
IS	4219	223	223	0	0
IS	4220	237	236	1	0
IS	4221	244	243	1	0
IS	4222	238	237	1	0
IS	4223	270	269	1	0
IS	4224	279	279	0	0
IS	4225	259	257	2	0
IS	4226	306	305	1	0
IS	4227	280	279	1	0
IS	4228	266	265	1	0
IS	4229	280	279	1	0
IS	4230	237	234	3	0
IS	4231	252	252	0	0
IS	4232	243	241	2	0
IS	4233	272	271	1	0
IS	4234	239	239	0	0
IS	4235	279	278	1	0
IS	4236	262	262	0	0
IS	4237	243	242	1	0
IS	4238	281	281	0	0
IS	4239	250	248	2	0
IS	4240	250	249	1	0
IS	4241	259	259	0	0
IS	4242	279	279	0	0
IS	4243	266	265	1	0
IS	4244	211	211	0	0
IS	4245	258	255	3	0
IS	4246	277	276	1	0
IS	4247	277	276	1	0
IS	4248	261	260	1	0
IS	4249	266	265	1	0
IS	4250	254	254	0	0
IS	4251	237	237	0	0
IS	4252	283	282	1	0
IS	4253	232	229	3	0
IS	4254	250	248	2	0
IS	4255	261	261	0	0
IS	4256	224	223	1	0
IS	4257	236	234	2	0
IS	4258	261	261	0	0
IS	4259	255	254	1	0
IS	4260	236	235	1	0
IS	4261	225	223	2	0
IS	4262	266	264	2	0
IS	4263	262	261	1	0
IS	4264	279	275	4	0
IS	4265	281	280	1	0
IS	4266	250	250	0	0
IS	4267	235	233	2	0
IS	4268	233	231	2	0
IS	4269	263	261	2	0
IS	4270	262	259	3	0
IS	4271	237	234	3	0
IS	4272	247	242	5	0
IS	4273	228	224	4	0
IS	4274	223	216	7	0
IS	4275	258	255	3	0
IS	4276	216	213	3	0
IS	4277	273	268	5	0
IS	4278	254	252	2	0
IS	4279	272	271	1	0
IS	4280	269	269	0	0
IS	4281	261	259	2	0
IS	4282	245	243	2	0
IS	4283	196	195	1	0
IS	4284	249	248	1	0
IS	4285	265	263	2	0
IS	4286	229	227	2	0
IS	4287	281	281	0	0
IS	4288	244	243	1	0
IS	4289	255	255	0	0
IS	4290	270	269	1	0
IS	4291	244	243	1	0
IS	4292	214	211	3	0
IS	4293	249	247	2	0
IS	4294	232	232	0	0
IS	4295	256	253	3	0
IS	4296	227	226	1	0
IS	4297	288	287	1	0
IS	4298	227	226	1	0
IS	4299	270	269	1	0
IS	4300	253	252	1	0
IS	4301	257	257	0	0
IS	4302	280	279	1	0
IS	4303	278	278	0	0
IS	4304	258	256	2	0
IS	4305	277	277	0	0
IS	4306	229	229	0	0
IS	4307	261	261	0	0
IS	4308	214	214	0	0
IS	4309	247	247	0	0
IS	4310	262	262	0	0
IS	4311	214	212	2	0
IS	4312	293	292	1	0
IS	4313	276	275	1	0
IS	4314	261	261	0	0
IS	4315	263	263	0	0
IS	4316	256	256	0	0
IS	4317	260	259	1	0
IS	4318	247	247	0	0
IS	4319	253	250	3	0
IS	4320	260	259	1	0
IS	4321	254	254	0	0
IS	4322	272	271	1	0
IS	4323	242	242	0	0
IS	4324	235	235	0	0
IS	4325	236	235	1	0
IS	4326	220	218	2	0
IS	4327	270	270	0	0
IS	4328	235	234	1	0
IS	4329	233	232	1	0
IS	4330	237	235	2	0
IS	4331	246	243	3	0
IS	4332	285	284	1	0
IS	4333	240	240	0	0
IS	4334	256	256	0	0
IS	4335	235	235	0	0
IS	4336	246	246	0	0
IS	4337	261	261	0	0
IS	4338	260	260	0	0
IS	4339	243	240	3	0
IS	4340	273	269	4	0
IS	4341	251	249	2	0
IS	4342	265	264	1	0
IS	4343	271	270	1	0
IS	4344	255	254	1	0
IS	4345	281	274	7	0
IS	4346	255	254	1	0
IS	4347	267	267	0	0
IS	4348	277	276	1	0
IS	4349	263	263	0	0
IS	4350	289	289	0	0
IS	4351	256	255	1	0
IS	4352	264	263	1	0
IS	4353	263	262	1	0
IS	4354	249	249	0	0
IS	4355	239	238	1	0
IS	4356	262	260	2	0
IS	4357	252	252	0	0
IS	4358	245	244	1	0
IS	4359	291	291	0	0
IS	4360	304	302	2	0
IS	4361	257	256	1	0
IS	4362	248	247	1	0
IS	4363	266	265	1	0
IS	4364	281	280	1	0
IS	4365	286	285	1	0
IS	4366	301	301	0	0
IS	4367	260	260	0	0
IS	4368	281	280	1	0
IS	4369	275	274	1	0
IS	4370	247	246	1	0
IS	4371	266	263	3	0
IS	4372	270	270	0	0
IS	4373	284	284	0	0
IS	4374	228	228	0	0
IS	4375	223	223	0	0
IS	4376	267	265	2	0
IS	4377	274	273	1	0
IS	4378	280	279	1	0
IS	4379	254	253	1	0
IS	4380	240	238	2	0
IS	4381	287	287	0	0
IS	4382	278	278	0	0
IS	4383	292	287	5	0
IS	4384	232	229	3	0
IS	4385	262	262	0	0
IS	4386	274	272	2	0
IS	4387	266	264	2	0
IS	4388	260	259	1	0
IS	4389	286	284	2	0
IS	4390	271	268	3	0
IS	4391	266	264	2	0
IS	4392	250	248	2	0
IS	4393	271	271	0	0
IS	4394	279	277	2	0
IS	4395	235	233	2	0
IS	4396	268	266	2	0
IS	4397	238	236	2	0
IS	4398	261	258	3	0
IS	4399	246	243	3	0
IS	4400	264	263	1	0
IS	4401	304	301	3	0
IS	4402	279	279	0	0
IS	4403	265	265	0	0
IS	4404	257	256	1	0
IS	4405	249	248	1	0
IS	4406	299	295	4	0
IS	4407	236	234	2	0
IS	4408	264	263	1	0
IS	4409	258	257	1	0
IS	4410	287	286	1	0
IS	4411	253	253	0	0
IS	4412	246	244	2	0
IS	4413	258	257	1	0
IS	4414	252	252	0	0
IS	4415	244	244	0	0
IS	4416	252	251	1	0
IS	4417	225	225	0	0
IS	4418	282	281	1	0
IS	4419	283	282	1	0
IS	4420	234	233	1	0
IS	4421	275	274	1	0
IS	4422	274	274	0	0
IS	4423	240	239	1	0
IS	4424	307	306	1	0
IS	4425	276	276	0	0
IS	4426	227	227	0	0
IS	4427	244	242	2	0
IS	4428	263	263	0	0
IS	4429	268	267	1	0
IS	4430	214	212	2	0
IS	4431	267	266	1	0
IS	4432	238	235	3	0
IS	4433	287	284	3	0
IS	4434	232	232	0	0
IS	4435	263	263	0	0
IS	4436	256	255	1	0
IS	4437	265	264	1	0
IS	4438	238	237	1	0
IS	4439	262	260	2	0
IS	4440	293	293	0	0
IS	4441	261	260	1	0
IS	4442	269	269	0	0
IS	4443	275	274	1	0
IS	4444	246	246	0	0
IS	4445	239	238	1	0
IS	4446	260	259	1	0
IS	4447	229	227	2	0
IS	4448	249	249	0	0
IS	4449	239	237	2	0
IS	4450	268	264	4	0
IS	4451	265	263	2	0
IS	4452	236	236	0	0
IS	4453	284	282	2	0
IS	4454	260	259	1	0
IS	4455	283	283	0	0
IS	4456	267	267	0	0
IS	4457	266	264	2	0
IS	4458	235	235	0	0
IS	4459	261	261	0	0
IS	4460	265	260	5	0
IS	4461	230	228	2	0
IS	4462	244	243	1	0
IS	4463	256	256	0	0
IS	4464	254	250	4	0
IS	4465	261	261	0	0
IS	4466	279	278	1	0
IS	4467	256	256	0	0
IS	4468	282	282	0	0
IS	4469	300	299	1	0
IS	4470	273	273	0	0
IS	4471	267	267	0	0
IS	4472	238	238	0	0
IS	4473	273	272	1	0
IS	4474	278	276	2	0
IS	4475	286	286	0	0
IS	4476	280	280	0	0
IS	4477	252	250	2	0
IS	4478	294	293	1	0
IS	4479	309	309	0	0
IS	4480	259	257	2	0
IS	4481	266	265	1	0
IS	4482	251	249	2	0
IS	4483	298	297	1	0
IS	4484	268	267	1	0
IS	4485	272	272	0	0
IS	4486	220	218	2	0
IS	4487	242	241	1	0
IS	4488	272	268	4	0
IS	4489	264	261	3	0
IS	4490	251	251	0	0
IS	4491	258	258	0	0
IS	4492	266	263	3	0
IS	4493	252	250	2	0
IS	4494	321	321	0	0
IS	4495	251	248	3	0
IS	4496	261	258	3	0
IS	4497	264	263	1	0
IS	4498	252	250	2	0
IS	4499	213	212	1	0
IS	4500	241	240	1	0
IS	4501	269	264	5	0
IS	4502	237	236	1	0
IS	4503	289	287	2	0
IS	4504	238	238	0	0
IS	4505	225	222	3	0
IS	4506	315	309	6	0
IS	4507	246	245	1	0
IS	4508	258	257	1	0
IS	4509	224	222	2	0
IS	4510	277	275	2	0
IS	4511	204	204	0	0
IS	4512	293	292	1	0
IS	4513	238	237	1	0
IS	4514	237	237	0	0
IS	4515	250	248	2	0
IS	4516	290	290	0	0
IS	4517	263	261	2	0
IS	4518	248	248	0	0
IS	4519	251	249	2	0
IS	4520	268	267	1	0
IS	4521	222	221	1	0
IS	4522	269	264	5	0
IS	4523	278	278	0	0
IS	4524	258	257	1	0
IS	4525	271	271	0	0
IS	4526	270	269	1	0
IS	4527	260	259	1	0
IS	4528	256	256	0	0
IS	4529	249	249	0	0
IS	4530	272	270	2	0
IS	4531	220	220	0	0
IS	4532	249	248	1	0
IS	4533	232	232	0	0
IS	4534	239	239	0	0
IS	4535	214	213	1	0
IS	4536	289	289	0	0
IS	4537	246	244	2	0
IS	4538	287	286	1	0
IS	4539	284	284	0	0
IS	4540	216	216	0	0
IS	4541	258	257	1	0
IS	4542	297	295	2	0
IS	4543	240	239	1	0
IS	4544	248	248	0	0
IS	4545	239	239	0	0
IS	4546	284	282	2	0
IS	4547	218	217	1	0
IS	4548	274	274	0	0
IS	4549	244	244	0	0
IS	4550	258	254	4	0
IS	4551	245	243	2	0
IS	4552	242	240	2	0
IS	4553	237	237	0	0
IS	4554	269	269	0	0
IS	4555	302	302	0	0
IS	4556	243	241	2	0
IS	4557	285	284	1	0
IS	4558	299	298	1	0
IS	4559	245	243	2	0
IS	4560	285	285	0	0
IS	4561	272	271	1	0
IS	4562	250	248	2	0
IS	4563	284	282	2	0
IS	4564	279	276	3	0
IS	4565	246	245	1	0
IS	4566	255	255	0	0
IS	4567	215	215	0	0
IS	4568	229	228	1	0
IS	4569	241	241	0	0
IS	4570	283	283	0	0
IS	4571	282	281	1	0
IS	4572	249	247	2	0
IS	4573	269	266	3	0
IS	4574	251	250	1	0
IS	4575	243	243	0	0
IS	4576	266	265	1	0
IS	4577	270	270	0	0
IS	4578	260	259	1	0
IS	4579	224	224	0	0
IS	4580	273	273	0	0
IS	4581	247	246	1	0
IS	4582	240	240	0	0
IS	4583	260	259	1	0
IS	4584	267	266	1	0
IS	4585	258	257	1	0
IS	4586	253	253	0	0
IS	4587	298	298	0	0
IS	4588	205	204	1	0
IS	4589	269	268	1	0
IS	4590	252	252	0	0
IS	4591	255	254	1	0
IS	4592	272	270	2	0
IS	4593	252	251	1	0
IS	4594	260	260	0	0
IS	4595	268	267	1	0
IS	4596	230	229	1	0
IS	4597	242	239	3	0
IS	4598	241	240	1	0
IS	4599	197	196	1	0
IS	4600	311	310	1	0
IS	4601	252	251	1	0
IS	4602	207	204	3	0
IS	4603	293	292	1	0
IS	4604	232	232	0	0
IS	4605	269	268	1	0
IS	4606	231	228	3	0
IS	4607	267	266	1	0
IS	4608	239	239	0	0
IS	4609	218	217	1	0
IS	4610	241	240	1	0
IS	4611	266	265	1	0
IS	4612	216	216	0	0
IS	4613	272	268	4	0
IS	4614	220	219	1	0
IS	4615	284	284	0	0
IS	4616	276	275	1	0
IS	4617	269	265	4	0
IS	4618	257	254	3	0
IS	4619	261	259	2	0
IS	4620	268	268	0	0
IS	4621	258	256	2	0
IS	4622	217	216	1	0
IS	4623	267	267	0	0
IS	4624	263	261	2	0
IS	4625	224	223	1	0
IS	4626	233	231	2	0
IS	4627	244	242	2	0
IS	4628	231	230	1	0
IS	4629	227	227	0	0
IS	4630	262	261	1	0
IS	4631	222	220	2	0
IS	4632	247	246	1	0
IS	4633	272	269	3	0
IS	4634	250	249	1	0
IS	4635	263	261	2	0
IS	4636	242	241	1	0
IS	4637	295	295	0	0
IS	4638	252	251	1	0
IS	4639	226	226	0	0
IS	4640	250	248	2	0
IS	4641	241	241	0	0
IS	4642	236	236	0	0
IS	4643	231	231	0	0
IS	4644	239	239	0	0
IS	4645	247	246	1	0
IS	4646	254	254	0	0
IS	4647	222	221	1	0
IS	4648	215	215	0	0
IS	4649	224	223	1	0
IS	4650	235	234	1	0
IS	4651	241	239	2	0
IS	4652	232	232	0	0
IS	4653	227	227	0	0
IS	4654	209	208	1	0
IS	4655	259	259	0	0
IS	4656	258	255	3	0
IS	4657	230	229	1	0
IS	4658	244	244	0	0
IS	4659	216	216	0	0
IS	4660	243	242	1	0
IS	4661	238	236	2	0
IS	4662	247	246	1	0
IS	4663	251	251	0	0
IS	4664	223	222	1	0
IS	4665	253	253	0	0
IS	4666	251	251	0	0
IS	4667	233	232	1	0
IS	4668	224	223	1	0
IS	4669	275	272	3	0
IS	4670	230	229	1	0
IS	4671	209	209	0	0
IS	4672	232	230	2	0
IS	4673	248	247	1	0
IS	4674	238	238	0	0
IS	4675	202	201	1	0
IS	4676	236	235	1	0
IS	4677	224	223	1	0
IS	4678	205	205	0	0
IS	4679	256	256	0	0
IS	4680	216	216	0	0
IS	4681	263	262	1	0
IS	4682	295	295	0	0
IS	4683	235	235	0	0
IS	4684	273	271	2	0
IS	4685	245	242	3	0
IS	4686	276	275	1	0
IS	4687	237	236	1	0
IS	4688	245	244	1	0
IS	4689	245	242	3	0
IS	4690	252	250	2	0
IS	4691	215	211	4	0
IS	4692	200	198	2	0
IS	4693	249	249	0	0
IS	4694	229	229	0	0
IS	4695	231	231	0	0
IS	4696	232	232	0	0
IS	4697	229	227	2	0
IS	4698	247	246	1	0
IS	4699	246	242	4	0
IS	4700	248	248	0	0
IS	4701	251	250	1	0
IS	4702	234	230	4	0
IS	4703	250	247	3	0
IS	4704	251	246	5	0
IS	4705	242	242	0	0
IS	4706	229	228	1	0
IS	4707	245	245	0	0
IS	4708	256	254	2	0
IS	4709	228	228	0	0
IS	4710	260	258	2	0
IS	4711	263	262	1	0
IS	4712	245	245	0	0
IS	4713	259	258	1	0
IS	4714	243	242	1	0
IS	4715	252	250	2	0
IS	4716	253	251	2	0
IS	4717	253	252	1	0
IS	4718	273	272	1	0
IS	4719	236	235	1	0
IS	4720	282	282	0	0
IS	4721	244	244	0	0
IS	4722	272	270	2	0
IS	4723	265	262	3	0
IS	4724	224	224	0	0
IS	4725	267	267	0	0
IS	4726	226	226	0	0
IS	4727	231	230	1	0
IS	4728	237	237	0	0
IS	4729	246	244	2	0
IS	4730	224	224	0	0
IS	4731	211	211	0	0
IS	4732	226	226	0	0
IS	4733	250	249	1	0
IS	4734	259	257	2	0
IS	4735	231	231	0	0
IS	4736	232	232	0	0
IS	4737	236	236	0	0
IS	4738	244	243	1	0
IS	4739	246	245	1	0
IS	4740	239	239	0	0
IS	4741	212	211	1	0
IS	4742	233	233	0	0
IS	4743	228	227	1	0
IS	4744	252	252	0	0
IS	4745	228	228	0	0
IS	4746	249	247	2	0
IS	4747	245	244	1	0
IS	4748	253	252	1	0
IS	4749	236	236	0	0
IS	4750	260	258	2	0
IS	4751	263	263	0	0
IS	4752	251	251	0	0
IS	4753	240	239	1	0
IS	4754	227	227	0	0
IS	4755	208	206	2	0
IS	4756	226	226	0	0
IS	4757	262	257	5	0
IS	4758	272	271	1	0
IS	4759	255	254	1	0
IS	4760	260	260	0	0
IS	4761	290	290	0	0
IS	4762	231	231	0	0
IS	4763	258	256	2	0
IS	4764	253	252	1	0
IS	4765	230	230	0	0
IS	4766	282	280	2	0
IS	4767	258	257	1	0
IS	4768	255	255	0	0
IS	4769	233	232	1	0
IS	4770	230	230	0	0
IS	4771	227	227	0	0
IS	4772	227	225	2	0
IS	4773	229	227	2	0
IS	4774	225	224	1	0
IS	4775	199	198	1	0
IS	4776	197	196	1	0
IS	4777	226	226	0	0
IS	4778	231	231	0	0
IS	4779	215	213	2	0
IS	4780	226	226	0	0
IS	4781	204	203	1	0
IS	4782	229	229	0	0
IS	4783	216	216	0	0
IS	4784	199	198	1	0
IS	4785	201	201	0	0
IS	4786	190	189	1	0
IS	4787	237	237	0	0
IS	4788	213	213	0	0
IS	4789	250	249	1	0
IS	4790	220	218	2	0
IS	4791	228	227	1	0
IS	4792	244	241	3	0
IS	4793	231	231	0	0
IS	4794	203	202	1	0
IS	4795	223	222	1	0
IS	4796	246	244	2	0
IS	4797	228	228	0	0
IS	4798	230	230	0	0
IS	4799	235	235	0	0
IS	4800	229	229	0	0
IS	4801	226	226	0	0
IS	4802	233	230	3	0
IS	4803	239	236	3	0
IS	4804	196	196	0	0
IS	4805	199	199	0	0
IS	4806	207	207	0	0
IS	4807	211	209	2	0
IS	4808	211	210	1	0
IS	4809	242	241	1	0
IS	4810	230	229	1	0
IS	4811	223	222	1	0
IS	4812	205	203	2	0
IS	4813	227	227	0	0
IS	4814	228	227	1	0
IS	4815	268	266	2	0
IS	4816	219	219	0	0
IS	4817	222	221	1	0
IS	4818	228	228	0	0
IS	4819	222	220	2	0
IS	4820	195	193	2	0
IS	4821	217	215	2	0
IS	4822	231	229	2	0
IS	4823	248	247	1	0
IS	4824	261	260	1	0
IS	4825	219	217	2	0
IS	4826	240	239	1	0
IS	4827	191	190	1	0
IS	4828	220	217	3	0
IS	4829	201	200	1	0
IS	4830	224	223	1	0
IS	4831	203	202	1	0
IS	4832	222	222	0	0
IS	4833	244	242	2	0
IS	4834	231	231	0	0
IS	4835	194	193	1	0
IS	4836	232	232	0	0
IS	4837	223	222	1	0
IS	4838	192	192	0	0
IS	4839	204	202	2	0
IS	4840	186	185	1	0
IS	4841	217	214	3	0
IS	4842	205	202	3	0
IS	4843	228	228	0	0
IS	4844	215	213	2	0
IS	4845	231	231	0	0
IS	4846	266	265	1	0
IS	4847	218	218	0	0
IS	4848	224	223	1	0
IS	4849	227	227	0	0
IS	4850	226	225	1	0
IS	4851	237	237	0	0
IS	4852	230	228	2	0
IS	4853	211	211	0	0
IS	4854	221	221	0	0
IS	4855	208	206	2	0
IS	4856	227	226	1	0
IS	4857	220	220	0	0
IS	4858	204	204	0	0
IS	4859	207	207	0	0
IS	4860	258	258	0	0
IS	4861	248	246	2	0
IS	4862	246	246	0	0
IS	4863	217	217	0	0
IS	4864	220	220	0	0
IS	4865	200	200	0	0
IS	4866	226	226	0	0
IS	4867	221	221	0	0
IS	4868	280	278	2	0
IS	4869	245	244	1	0
IS	4870	253	249	4	0
IS	4871	239	239	0	0
IS	4872	246	245	1	0
IS	4873	233	233	0	0
IS	4874	213	213	0	0
IS	4875	228	228	0	0
IS	4876	208	207	1	0
IS	4877	239	239	0	0
IS	4878	206	206	0	0
IS	4879	225	225	0	0
IS	4880	240	238	2	0
IS	4881	251	251	0	0
IS	4882	235	232	3	0
IS	4883	263	262	1	0
IS	4884	228	228	0	0
IS	4885	267	267	0	0
IS	4886	199	197	2	0
IS	4887	241	240	1	0
IS	4888	258	257	1	0
IS	4889	178	178	0	0
IS	4890	222	221	1	0
IS	4891	220	219	1	0
IS	4892	210	210	0	0
IS	4893	219	218	1	0
IS	4894	185	185	0	0
IS	4895	220	220	0	0
IS	4896	282	281	1	0
IS	4897	215	215	0	0
IS	4898	215	215	0	0
IS	4899	196	194	2	0
IS	4900	223	223	0	0
IS	4901	195	195	0	0
IS	4902	252	251	1	0
IS	4903	251	250	1	0
IS	4904	207	207	0	0
IS	4905	172	170	2	0
IS	4906	167	166	1	0
IS	4907	246	246	0	0
IS	4908	224	224	0	0
IS	4909	207	206	1	0
IS	4910	243	242	1	0
IS	4911	220	220	0	0
IS	4912	221	218	3	0
IS	4913	202	202	0	0
IS	4914	245	245	0	0
IS	4915	217	216	1	0
IS	4916	188	187	1	0
IS	4917	217	217	0	0
IS	4918	200	200	0	0
IS	4919	228	228	0	0
IS	4920	211	211	0	0
IS	4921	244	242	2	0
IS	4922	253	252	1	0
IS	4923	223	223	0	0
IS	4924	221	221	0	0
IS	4925	186	186	0	0
IS	4926	217	217	0	0
IS	4927	197	196	1	0
IS	4928	218	217	1	0
IS	4929	188	188	0	0
IS	4930	183	182	1	0
IS	4931	212	212	0	0
IS	4932	224	224	0	0
IS	4933	219	219	0	0
IS	4934	193	192	1	0
IS	4935	199	198	1	0
IS	4936	211	211	0	0
IS	4937	227	227	0	0
IS	4938	189	189	0	0
IS	4939	220	218	2	0
IS	4940	180	178	2	0
IS	4941	233	232	1	0
IS	4942	239	239	0	0
IS	4943	240	240	0	0
IS	4944	198	197	1	0
IS	4945	231	229	2	0
IS	4946	217	217	0	0
IS	4947	195	195	0	0
IS	4948	201	198	3	0
IS	4949	209	207	2	0
IS	4950	220	220	0	0
IS	4951	245	245	0	0
IS	4952	221	219	2	0
IS	4953	232	232	0	0
IS	4954	185	182	3	0
IS	4955	219	218	1	0
IS	4956	219	218	1	0
IS	4957	192	192	0	0
IS	4958	221	218	3	0
IS	4959	224	223	1	0
IS	4960	201	201	0	0
IS	4961	199	198	1	0
IS	4962	202	201	1	0
IS	4963	258	257	1	0
IS	4964	213	213	0	0
IS	4965	188	186	2	0
IS	4966	231	231	0	0
IS	4967	213	213	0	0
IS	4968	212	211	1	0
IS	4969	213	211	2	0
IS	4970	182	180	2	0
IS	4971	231	231	0	0
IS	4972	213	212	1	0
IS	4973	206	206	0	0
IS	4974	177	177	0	0
IS	4975	214	214	0	0
IS	4976	188	186	2	0
IS	4977	186	186	0	0
IS	4978	196	194	2	0
IS	4979	191	189	2	0
IS	4980	250	248	2	0
IS	4981	201	201	0	0
IS	4982	190	189	1	0
IS	4983	236	236	0	0
IS	4984	204	202	2	0
IS	4985	211	211	0	0
IS	4986	209	207	2	0
IS	4987	185	185	0	0
IS	4988	230	230	0	0
IS	4989	205	204	1	0
IS	4990	209	208	1	0
IS	4991	245	244	1	0
IS	4992	226	225	1	0
IS	4993	210	209	1	0
IS	4994	209	209	0	0
IS	4995	212	212	0	0
IS	4996	211	210	1	0
IS	4997	176	175	1	0
IS	4998	205	205	0	0
IS	4999	223	222	1	0
IS	5000	175	174	1	0
IS	5001	222	219	3	0
IS	5002	224	224	0	0
IS	5003	187	187	0	0
IS	5004	220	219	1	0
IS	5005	221	220	1	0
IS	5006	203	203	0	0
IS	5007	222	221	1	0
IS	5008	197	197	0	0
IS	5009	205	205	0	0
IS	5010	168	167	1	0
IS	5011	195	195	0	0
IS	5012	205	205	0	0
IS	5013	218	218	0	0
IS	5014	217	215	2	0
IS	5015	216	216	0	0
IS	5016	221	221	0	0
IS	5017	206	205	1	0
IS	5018	208	208	0	0
IS	5019	235	235	0	0
IS	5020	200	200	0	0
IS	5021	205	205	0	0
IS	5022	212	212	0	0
IS	5023	246	246	0	0
IS	5024	249	247	2	0
IS	5025	214	214	0	0
IS	5026	163	163	0	0
IS	5027	197	195	2	0
IS	5028	211	209	2	0
IS	5029	232	230	2	0
IS	5030	187	186	1	0
IS	5031	178	177	1	0
IS	5032	228	228	0	0
IS	5033	210	210	0	0
IS	5034	191	191	0	0
IS	5035	201	201	0	0
IS	5036	203	203	0	0
IS	5037	221	220	1	0
IS	5038	175	175	0	0
IS	5039	215	213	2	0
IS	5040	180	179	1	0
IS	5041	180	178	2	0
IS	5042	233	233	0	0
IS	5043	195	194	1	0
IS	5044	234	232	2	0
IS	5045	163	163	0	0
IS	5046	185	184	1	0
IS	5047	209	205	4	0
IS	5048	210	209	1	0
IS	5049	169	167	2	0
IS	5050	196	193	3	0
IS	5051	175	175	0	0
IS	5052	175	175	0	0
IS	5053	250	249	1	0
IS	5054	193	192	1	0
IS	5055	181	178	3	0
IS	5056	236	236	0	0
IS	5057	178	178	0	0
IS	5058	210	210	0	0
IS	5059	183	182	1	0
IS	5060	237	234	3	0
IS	5061	167	166	1	0
IS	5062	217	216	1	0
IS	5063	234	234	0	0
IS	5064	247	247	0	0
IS	5065	210	210	0	0
IS	5066	187	185	2	0
IS	5067	221	220	1	0
IS	5068	199	198	1	0
IS	5069	214	214	0	0
IS	5070	177	176	1	0
IS	5071	207	205	2	0
IS	5072	199	198	1	0
IS	5073	211	211	0	0
IS	5074	205	203	2	0
IS	5075	172	172	0	0
IS	5076	211	210	1	0
IS	5077	185	185	0	0
IS	5078	218	216	2	0
IS	5079	204	204	0	0
IS	5080	228	227	1	0
IS	5081	207	207	0	0
IS	5082	201	198	3	0
IS	5083	224	223	1	0
IS	5084	192	192	0	0
IS	5085	191	190	1	0
IS	5086	223	222	1	0
IS	5087	173	173	0	0
IS	5088	213	213	0	0
IS	5089	174	174	0	0
IS	5090	224	223	1	0
IS	5091	205	203	2	0
IS	5092	186	186	0	0
IS	5093	180	178	2	0
IS	5094	208	207	1	0
IS	5095	181	180	1	0
IS	5096	190	190	0	0
IS	5097	187	183	4	0
IS	5098	213	212	1	0
IS	5099	193	192	1	0
IS	5100	159	159	0	0
IS	5101	207	207	0	0
IS	5102	214	213	1	0
IS	5103	191	188	3	0
IS	5104	174	174	0	0
IS	5105	205	203	2	0
IS	5106	216	215	1	0
IS	5107	205	204	1	0
IS	5108	190	187	3	0
IS	5109	208	206	2	0
IS	5110	194	194	0	0
IS	5111	185	184	1	0
IS	5112	201	201	0	0
IS	5113	208	207	1	0
IS	5114	220	219	1	0
IS	5115	216	215	1	0
IS	5116	178	178	0	0
IS	5117	172	170	2	0
IS	5118	206	206	0	0
IS	5119	171	170	1	0
IS	5120	213	212	1	0
IS	5121	196	194	2	0
IS	5122	202	202	0	0
IS	5123	183	182	1	0
IS	5124	188	188	0	0
IS	5125	219	219	0	0
IS	5126	191	190	1	0
IS	5127	187	185	2	0
IS	5128	192	191	1	0
IS	5129	203	202	1	0
IS	5130	178	178	0	0
IS	5131	175	175	0	0
IS	5132	222	221	1	0
IS	5133	195	195	0	0
IS	5134	225	225	0	0
IS	5135	213	213	0	0
IS	5136	171	170	1	0
IS	5137	154	154	0	0
IS	5138	209	208	1	0
IS	5139	191	191	0	0
IS	5140	203	202	1	0
IS	5141	205	205	0	0
IS	5142	198	196	2	0
IS	5143	213	213	0	0
IS	5144	186	186	0	0
IS	5145	180	179	1	0
IS	5146	187	187	0	0
IS	5147	225	223	2	0
IS	5148	212	211	1	0
IS	5149	198	198	0	0
IS	5150	153	153	0	0
IS	5151	191	190	1	0
IS	5152	169	169	0	0
IS	5153	187	187	0	0
IS	5154	174	173	1	0
IS	5155	213	213	0	0
IS	5156	197	197	0	0
IS	5157	199	199	0	0
IS	5158	172	172	0	0
IS	5159	206	206	0	0
IS	5160	230	230	0	0
IS	5161	216	216	0	0
IS	5162	200	196	4	0
IS	5163	159	159	0	0
IS	5164	200	200	0	0
IS	5165	172	172	0	0
IS	5166	200	200	0	0
IS	5167	219	219	0	0
IS	5168	191	190	1	0
IS	5169	217	216	1	0
IS	5170	227	226	1	0
IS	5171	188	188	0	0
IS	5172	214	214	0	0
IS	5173	189	189	0	0
IS	5174	195	195	0	0
IS	5175	232	232	0	0
IS	5176	218	218	0	0
IS	5177	193	193	0	0
IS	5178	222	221	1	0
IS	5179	199	199	0	0
IS	5180	215	214	1	0
IS	5181	172	172	0	0
IS	5182	207	207	0	0
IS	5183	208	206	2	0
IS	5184	222	220	2	0
IS	5185	174	174	0	0
IS	5186	195	195	0	0
IS	5187	181	180	1	0
IS	5188	200	200	0	0
IS	5189	175	174	1	0
IS	5190	192	192	0	0
IS	5191	232	232	0	0
IS	5192	188	188	0	0
IS	5193	161	161	0	0
IS	5194	196	196	0	0
IS	5195	177	176	1	0
IS	5196	169	167	2	0
IS	5197	201	200	1	0
IS	5198	206	206	0	0
IS	5199	203	202	1	0
IS	5200	202	202	0	0
IS	5201	177	177	0	0
IS	5202	189	189	0	0
IS	5203	170	168	2	0
IS	5204	206	206	0	0
IS	5205	223	222	1	0
IS	5206	174	174	0	0
IS	5207	175	175	0	0
IS	5208	207	207	0	0
IS	5209	153	152	1	0
IS	5210	206	206	0	0
IS	5211	213	211	2	0
IS	5212	202	202	0	0
IS	5213	204	203	1	0
IS	5214	171	171	0	0
IS	5215	181	179	2	0
IS	5216	185	185	0	0
IS	5217	237	237	0	0
IS	5218	175	174	1	0
IS	5219	174	173	1	0
IS	5220	187	187	0	0
IS	5221	157	157	0	0
IS	5222	234	233	1	0
IS	5223	193	193	0	0
IS	5224	181	180	1	0
IS	5225	150	150	0	0
IS	5226	192	191	1	0
IS	5227	195	194	1	0
IS	5228	187	187	0	0
IS	5229	159	158	1	0
IS	5230	160	160	0	0
IS	5231	164	164	0	0
IS	5232	206	205	1	0
IS	5233	190	189	1	0
IS	5234	231	231	0	0
IS	5235	202	199	3	0
IS	5236	178	177	1	0
IS	5237	164	162	2	0
IS	5238	201	200	1	0
IS	5239	193	193	0	0
IS	5240	169	169	0	0
IS	5241	159	158	1	0
IS	5242	199	197	2	0
IS	5243	223	223	0	0
IS	5244	190	190	0	0
IS	5245	194	194	0	0
IS	5246	201	201	0	0
IS	5247	206	205	1	0
IS	5248	155	154	1	0
IS	5249	154	154	0	0
IS	5250	145	145	0	0
IS	5251	219	219	0	0
IS	5252	183	182	1	0
IS	5253	195	193	2	0
IS	5254	168	168	0	0
IS	5255	181	179	2	0
IS	5256	193	193	0	0
IS	5257	216	214	2	0
IS	5258	189	186	3	0
IS	5259	188	186	2	0
IS	5260	211	210	1	0
IS	5261	212	209	3	0
IS	5262	193	192	1	0
IS	5263	189	187	2	0
IS	5264	198	198	0	0
IS	5265	185	184	1	0
IS	5266	193	191	2	0
IS	5267	199	199	0	0
IS	5268	195	194	1	0
IS	5269	162	159	3	0
IS	5270	176	175	1	0
IS	5271	189	188	1	0
IS	5272	187	186	1	0
IS	5273	179	178	1	0
IS	5274	187	186	1	0
IS	5275	169	166	3	0
IS	5276	164	164	0	0
IS	5277	167	167	0	0
IS	5278	188	187	1	0
IS	5279	192	192	0	0
IS	5280	145	144	1	0
IS	5281	191	189	2	0
IS	5282	240	237	3	0
IS	5283	239	238	1	0
IS	5284	199	199	0	0
IS	5285	234	233	1	0
IS	5286	229	228	1	0
IS	5287	203	203	0	0
IS	5288	209	208	1	0
IS	5289	235	235	0	0
IS	5290	179	179	0	0
IS	5291	187	187	0	0
IS	5292	204	204	0	0
IS	5293	221	220	1	0
IS	5294	213	212	1	0
IS	5295	239	239	0	0
IS	5296	181	181	0	0
IS	5297	204	204	0	0
IS	5298	192	192	0	0
IS	5299	188	187	1	0
IS	5300	210	209	1	0
IS	5301	183	182	1	0
IS	5302	168	167	1	0
IS	5303	224	221	3	0
IS	5304	165	165	0	0
IS	5305	198	197	1	0
IS	5306	207	206	1	0
IS	5307	220	218	2	0
IS	5308	188	186	2	0
IS	5309	178	178	0	0
IS	5310	184	184	0	0
IS	5311	183	181	2	0
IS	5312	167	166	1	0
IS	5313	178	178	0	0
IS	5314	186	185	1	0
IS	5315	207	205	2	0
IS	5316	168	167	1	0
IS	5317	176	172	4	0
IS	5318	166	163	3	0
IS	5319	188	185	3	0
IS	5320	208	208	0	0
IS	5321	159	157	2	0
IS	5322	174	172	2	0
IS	5323	216	214	2	0
IS	5324	187	187	0	0
IS	5325	199	199	0	0
IS	5326	223	223	0	0
IS	5327	203	201	2	0
IS	5328	219	216	3	0
IS	5329	171	171	0	0
IS	5330	180	177	3	0
IS	5331	236	236	0	0
IS	5332	176	176	0	0
IS	5333	170	169	1	0
IS	5334	178	178	0	0
IS	5335	200	200	0	0
IS	5336	190	190	0	0
IS	5337	189	189	0	0
IS	5338	178	177	1	0
IS	5339	192	191	1	0
IS	5340	174	173	1	0
IS	5341	213	213	0	0
IS	5342	189	188	1	0
IS	5343	202	202	0	0
IS	5344	199	198	1	0
IS	5345	192	191	1	0
IS	5346	178	178	0	0
IS	5347	199	197	2	0
IS	5348	183	182	1	0
IS	5349	195	194	1	0
IS	5350	199	199	0	0
IS	5351	192	191	1	0
IS	5352	191	191	0	0
IS	5353	197	196	1	0
IS	5354	191	191	0	0
IS	5355	191	191	0	0
IS	5356	182	180	2	0
IS	5357	163	162	1	0
IS	5358	220	218	2	0
IS	5359	165	164	1	0
IS	5360	206	202	4	0
IS	5361	228	225	3	0
IS	5362	188	188	0	0
IS	5363	207	205	2	0
IS	5364	179	179	0	0
IS	5365	165	164	1	0
IS	5366	188	188	0	0
IS	5367	190	189	1	0
IS	5368	184	184	0	0
IS	5369	161	161	0	0
IS	5370	214	213	1	0
IS	5371	193	193	0	0
IS	5372	204	204	0	0
IS	5373	193	193	0	0
IS	5374	191	191	0	0
IS	5375	171	170	1	0
IS	5376	214	213	1	0
IS	5377	196	194	2	0
IS	5378	197	197	0	0
IS	5379	196	195	1	0
IS	5380	193	193	0	0
IS	5381	203	203	0	0
IS	5382	200	200	0	0
IS	5383	195	192	3	0
IS	5384	194	192	2	0
IS	5385	178	176	2	0
IS	5386	173	173	0	0
IS	5387	220	220	0	0
IS	5388	180	177	3	0
IS	5389	193	193	0	0
IS	5390	211	210	1	0
IS	5391	149	148	1	0
IS	5392	216	215	1	0
IS	5393	206	205	1	0
IS	5394	200	199	1	0
IS	5395	210	210	0	0
IS	5396	176	175	1	0
IS	5397	194	194	0	0
IS	5398	173	173	0	0
IS	5399	152	151	1	0
IS	5400	190	189	1	0
IS	5401	189	189	0	0
IS	5402	189	189	0	0
IS	5403	187	187	0	0
IS	5404	170	170	0	0
IS	5405	191	191	0	0
IS	5406	202	201	1	0
IS	5407	180	179	1	0
IS	5408	228	226	2	0
IS	5409	167	167	0	0
IS	5410	185	185	0	0
IS	5411	161	161	0	0
IS	5412	175	174	1	0
IS	5413	163	163	0	0
IS	5414	154	154	0	0
IS	5415	162	162	0	0
IS	5416	154	153	1	0
IS	5417	164	163	1	0
IS	5418	175	174	1	0
IS	5419	208	208	0	0
IS	5420	199	198	1	0
IS	5421	150	150	0	0
IS	5422	165	165	0	0
IS	5423	156	156	0	0
IS	5424	191	191	0	0
IS	5425	195	194	1	0
IS	5426	178	177	1	0
IS	5427	189	189	0	0
IS	5428	190	189	1	0
IS	5429	163	163	0	0
IS	5430	182	182	0	0
IS	5431	160	160	0	0
IS	5432	155	155	0	0
IS	5433	191	188	3	0
IS	5434	197	197	0	0
IS	5435	206	206	0	0
IS	5436	212	212	0	0
IS	5437	198	197	1	0
IS	5438	230	229	1	0
IS	5439	160	160	0	0
IS	5440	171	171	0	0
IS	5441	234	234	0	0
IS	5442	184	183	1	0
IS	5443	172	171	1	0
IS	5444	186	185	1	0
IS	5445	174	174	0	0
IS	5446	150	150	0	0
IS	5447	219	219	0	0
IS	5448	187	187	0	0
IS	5449	190	189	1	0
IS	5450	176	176	0	0
IS	5451	204	204	0	0
IS	5452	156	155	1	0
IS	5453	198	198	0	0
IS	5454	173	173	0	0
IS	5455	208	207	1	0
IS	5456	161	161	0	0
IS	5457	159	159	0	0
IS	5458	200	200	0	0
IS	5459	159	157	2	0
IS	5460	217	217	0	0
IS	5461	192	192	0	0
IS	5462	161	161	0	0
IS	5463	225	225	0	0
IS	5464	178	178	0	0
IS	5465	204	203	1	0
IS	5466	177	176	1	0
IS	5467	169	169	0	0
IS	5468	184	184	0	0
IS	5469	154	154	0	0
IS	5470	201	201	0	0
IS	5471	235	235	0	0
IS	5472	176	174	2	0
IS	5473	162	162	0	0
IS	5474	158	157	1	0
IS	5475	183	182	1	0
IS	5476	165	165	0	0
IS	5477	163	162	1	0
IS	5478	172	172	0	0
IS	5479	126	126	0	0
IS	5480	184	184	0	0
IS	5481	160	160	0	0
IS	5482	152	152	0	0
IS	5483	160	157	3	0
IS	5484	168	168	0	0
IS	5485	169	168	1	0
IS	5486	169	168	1	0
IS	5487	166	165	1	0
IS	5488	152	152	0	0
IS	5489	191	191	0	0
IS	5490	179	176	3	0
IS	5491	153	152	1	0
IS	5492	193	193	0	0
IS	5493	170	169	1	0
IS	5494	164	164	0	0
IS	5495	197	197	0	0
IS	5496	185	185	0	0
IS	5497	212	212	0	0
IS	5498	203	202	1	0
IS	5499	175	174	1	0
IS	5500	182	180	2	0
IS	5501	203	202	1	0
IS	5502	200	200	0	0
IS	5503	160	160	0	0
IS	5504	181	181	0	0
IS	5505	174	174	0	0
IS	5506	154	154	0	0
IS	5507	180	180	0	0
IS	5508	168	168	0	0
IS	5509	214	214	0	0
IS	5510	160	160	0	0
IS	5511	176	175	1	0
IS	5512	201	201	0	0
IS	5513	187	184	3	0
IS	5514	228	227	1	0
IS	5515	166	164	2	0
IS	5516	182	181	1	0
IS	5517	192	192	0	0
IS	5518	147	147	0	0
IS	5519	174	172	2	0
IS	5520	172	172	0	0
IS	5521	156	155	1	0
IS	5522	170	170	0	0
IS	5523	153	152	1	0
IS	5524	167	167	0	0
IS	5525	166	166	0	0
IS	5526	160	159	1	0
IS	5527	190	189	1	0
IS	5528	194	193	1	0
IS	5529	169	168	1	0
IS	5530	176	175	1	0
IS	5531	193	193	0	0
IS	5532	161	161	0	0
IS	5533	178	177	1	0
IS	5534	165	163	2	0
IS	5535	205	205	0	0
IS	5536	166	164	2	0
IS	5537	175	175	0	0
IS	5538	165	165	0	0
IS	5539	245	243	2	0
IS	5540	186	186	0	0
IS	5541	203	203	0	0
IS	5542	155	154	1	0
IS	5543	174	174	0	0
IS	5544	155	154	1	0
IS	5545	189	188	1	0
IS	5546	169	167	2	0
IS	5547	163	163	0	0
IS	5548	158	157	1	0
IS	5549	153	153	0	0
IS	5550	184	184	0	0
IS	5551	175	172	3	0
IS	5552	207	207	0	0
IS	5553	200	199	1	0
IS	5554	149	148	1	0
IS	5555	205	204	1	0
IS	5556	224	223	1	0
IS	5557	160	160	0	0
IS	5558	179	179	0	0
IS	5559	182	180	2	0
IS	5560	185	185	0	0
IS	5561	158	158	0	0
IS	5562	194	194	0	0
IS	5563	172	171	1	0
IS	5564	184	183	1	0
IS	5565	175	175	0	0
IS	5566	139	137	2	0
IS	5567	188	188	0	0
IS	5568	150	150	0	0
IS	5569	171	171	0	0
IS	5570	192	189	3	0
IS	5571	177	177	0	0
IS	5572	140	140	0	0
IS	5573	168	168	0	0
IS	5574	196	195	1	0
IS	5575	198	198	0	0
IS	5576	199	199	0	0
IS	5577	148	148	0	0
IS	5578	184	184	0	0
IS	5579	173	172	1	0
IS	5580	168	168	0	0
IS	5581	193	193	0	0
IS	5582	169	169	0	0
IS	5583	168	167	1	0
IS	5584	173	172	1	0
IS	5585	185	185	0	0
IS	5586	168	167	1	0
IS	5587	207	207	0	0
IS	5588	182	182	0	0
IS	5589	205	202	3	0
IS	5590	177	177	0	0
IS	5591	202	200	2	0
IS	5592	218	218	0	0
IS	5593	175	175	0	0
IS	5594	218	218	0	0
IS	5595	159	159	0	0
IS	5596	200	200	0	0
IS	5597	201	201	0	0
IS	5598	179	179	0	0
IS	5599	147	147	0	0
IS	5600	163	162	1	0
IS	5601	151	151	0	0
IS	5602	203	203	0	0
IS	5603	157	157	0	0
IS	5604	138	138	0	0
IS	5605	150	150	0	0
IS	5606	164	164	0	0
IS	5607	165	163	2	0
IS	5608	202	201	1	0
IS	5609	163	163	0	0
IS	5610	158	158	0	0
IS	5611	155	154	1	0
IS	5612	193	193	0	0
IS	5613	183	183	0	0
IS	5614	168	167	1	0
IS	5615	160	160	0	0
IS	5616	201	200	1	0
IS	5617	158	158	0	0
IS	5618	161	160	1	0
IS	5619	181	180	1	0
IS	5620	192	191	1	0
IS	5621	170	170	0	0
IS	5622	158	158	0	0
IS	5623	202	202	0	0
IS	5624	176	175	1	0
IS	5625	161	161	0	0
IS	5626	148	148	0	0
IS	5627	174	174	0	0
IS	5628	147	147	0	0
IS	5629	144	143	1	0
IS	5630	171	170	1	0
IS	5631	188	188	0	0
IS	5632	182	180	2	0
IS	5633	195	194	1	0
IS	5634	158	157	1	0
IS	5635	148	146	2	0
IS	5636	166	165	1	0
IS	5637	181	181	0	0
IS	5638	171	169	2	0
IS	5639	170	170	0	0
IS	5640	180	179	1	0
IS	5641	147	146	1	0
IS	5642	167	165	2	0
IS	5643	191	190	1	0
IS	5644	189	189	0	0
IS	5645	156	156	0	0
IS	5646	158	158	0	0
IS	5647	196	195	1	0
IS	5648	131	130	1	0
IS	5649	166	164	2	0
IS	5650	156	154	2	0
IS	5651	170	170	0	0
IS	5652	171	171	0	0
IS	5653	151	149	2	0
IS	5654	167	167	0	0
IS	5655	147	147	0	0
IS	5656	137	137	0	0
IS	5657	173	173	0	0
IS	5658	152	152	0	0
IS	5659	128	128	0	0
IS	5660	147	147	0	0
IS	5661	143	142	1	0
IS	5662	189	189	0	0
IS	5663	141	140	1	0
IS	5664	173	172	1	0
IS	5665	165	165	0	0
IS	5666	160	160	0	0
IS	5667	190	189	1	0
IS	5668	149	148	1	0
IS	5669	158	158	0	0
IS	5670	142	141	1	0
IS	5671	169	167	2	0
IS	5672	141	139	2	0
IS	5673	184	183	1	0
IS	5674	151	151	0	0
IS	5675	131	128	3	0
IS	5676	172	170	2	0
IS	5677	156	155	1	0
IS	5678	166	163	3	0
IS	5679	151	151	0	0
IS	5680	126	124	2	0
IS	5681	148	148	0	0
IS	5682	147	145	2	0
IS	5683	136	135	1	0
IS	5684	134	133	1	0
IS	5685	166	163	3	0
IS	5686	170	170	0	0
IS	5687	146	144	2	0
IS	5688	165	165	0	0
IS	5689	166	165	1	0
IS	5690	124	124	0	0
IS	5691	176	176	0	0
IS	5692	176	175	1	0
IS	5693	192	191	1	0
IS	5694	143	143	0	0
IS	5695	156	156	0	0
IS	5696	157	157	0	0
IS	5697	174	172	2	0
IS	5698	185	185	0	0
IS	5699	146	145	1	0
IS	5700	171	171	0	0
IS	5701	169	168	1	0
IS	5702	169	167	2	0
IS	5703	196	196	0	0
IS	5704	188	188	0	0
IS	5705	176	175	1	0
IS	5706	188	188	0	0
IS	5707	170	170	0	0
IS	5708	164	164	0	0
IS	5709	161	161	0	0
IS	5710	190	190	0	0
IS	5711	155	154	1	0
IS	5712	147	147	0	0
IS	5713	181	181	0	0
IS	5714	174	174	0	0
IS	5715	145	145	0	0
IS	5716	147	147	0	0
IS	5717	170	170	0	0
IS	5718	174	172	2	0
IS	5719	162	162	0	0
IS	5720	149	149	0	0
IS	5721	188	188	0	0
IS	5722	196	196	0	0
IS	5723	184	182	2	0
IS	5724	202	202	0	0
IS	5725	191	191	0	0
IS	5726	163	162	1	0
IS	5727	156	156	0	0
IS	5728	185	184	1	0
IS	5729	181	181	0	0
IS	5730	159	159	0	0
IS	5731	129	129	0	0
IS	5732	156	156	0	0
IS	5733	176	175	1	0
IS	5734	182	180	2	0
IS	5735	162	159	3	0
IS	5736	172	172	0	0
IS	5737	154	154	0	0
IS	5738	166	166	0	0
IS	5739	183	182	1	0
IS	5740	156	156	0	0
IS	5741	163	163	0	0
IS	5742	181	181	0	0
IS	5743	173	173	0	0
IS	5744	136	136	0	0
IS	5745	191	191	0	0
IS	5746	162	162	0	0
IS	5747	162	162	0	0
IS	5748	154	153	1	0
IS	5749	166	165	1	0
IS	5750	157	156	1	0
IS	5751	157	157	0	0
IS	5752	167	167	0	0
IS	5753	140	140	0	0
IS	5754	144	144	0	0
IS	5755	156	154	2	0
IS	5756	161	161	0	0
IS	5757	169	169	0	0
IS	5758	177	177	0	0
IS	5759	162	162	0	0
IS	5760	161	161	0	0
IS	5761	165	165	0	0
IS	5762	191	189	2	0
IS	5763	182	180	2	0
IS	5764	205	204	1	0
IS	5765	155	155	0	0
IS	5766	163	160	3	0
IS	5767	147	146	1	0
IS	5768	141	141	0	0
IS	5769	192	192	0	0
IS	5770	160	160	0	0
IS	5771	163	161	2	0
IS	5772	148	148	0	0
IS	5773	182	182	0	0
IS	5774	185	185	0	0
IS	5775	164	163	1	0
IS	5776	164	164	0	0
IS	5777	140	138	2	0
IS	5778	160	157	3	0
IS	5779	167	167	0	0
IS	5780	166	165	1	0
IS	5781	145	144	1	0
IS	5782	149	149	0	0
IS	5783	153	153	0	0
IS	5784	197	196	1	0
IS	5785	161	161	0	0
IS	5786	163	161	2	0
IS	5787	150	150	0	0
IS	5788	172	172	0	0
IS	5789	165	161	4	0
IS	5790	154	150	4	0
IS	5791	149	149	0	0
IS	5792	142	142	0	0
IS	5793	165	165	0	0
IS	5794	170	170	0	0
IS	5795	165	164	1	0
IS	5796	139	137	2	0
IS	5797	142	140	2	0
IS	5798	150	149	1	0
IS	5799	179	179	0	0
IS	5800	150	150	0	0
IS	5801	151	150	1	0
IS	5802	141	140	1	0
IS	5803	150	149	1	0
IS	5804	151	151	0	0
IS	5805	141	140	1	0
IS	5806	153	152	1	0
IS	5807	132	132	0	0
IS	5808	150	149	1	0
IS	5809	147	147	0	0
IS	5810	134	134	0	0
IS	5811	120	120	0	0
IS	5812	151	150	1	0
IS	5813	135	135	0	0
IS	5814	158	156	2	0
IS	5815	162	162	0	0
IS	5816	151	149	2	0
IS	5817	169	169	0	0
IS	5818	161	160	1	0
IS	5819	184	184	0	0
IS	5820	165	163	2	0
IS	5821	168	166	2	0
IS	5822	157	157	0	0
IS	5823	168	167	1	0
IS	5824	184	184	0	0
IS	5825	175	175	0	0
IS	5826	146	146	0	0
IS	5827	130	129	1	0
IS	5828	130	129	1	0
IS	5829	155	155	0	0
IS	5830	131	130	1	0
IS	5831	169	169	0	0
IS	5832	148	148	0	0
IS	5833	173	173	0	0
IS	5834	154	152	2	0
IS	5835	145	145	0	0
IS	5836	132	130	2	0
IS	5837	149	149	0	0
IS	5838	157	157	0	0
IS	5839	151	150	1	0
IS	5840	146	145	1	0
IS	5841	151	150	1	0
IS	5842	188	187	1	0
IS	5843	191	191	0	0
IS	5844	130	130	0	0
IS	5845	111	111	0	0
IS	5846	122	122	0	0
IS	5847	139	138	1	0
IS	5848	169	167	2	0
IS	5849	139	139	0	0
IS	5850	132	131	1	0
IS	5851	141	138	3	0
IS	5852	131	129	2	0
IS	5853	154	151	3	0
IS	5854	131	130	1	0
IS	5855	137	137	0	0
IS	5856	149	149	0	0
IS	5857	138	137	1	0
IS	5858	132	131	1	0
IS	5859	160	159	1	0
IS	5860	145	144	1	0
IS	5861	156	156	0	0
IS	5862	150	149	1	0
IS	5863	132	131	1	0
IS	5864	145	143	2	0
IS	5865	148	147	1	0
IS	5866	140	140	0	0
IS	5867	143	140	3	0
IS	5868	178	178	0	0
IS	5869	155	155	0	0
IS	5870	154	154	0	0
IS	5871	129	128	1	0
IS	5872	182	182	0	0
IS	5873	140	140	0	0
IS	5874	136	136	0	0
IS	5875	162	161	1	0
IS	5876	178	177	1	0
IS	5877	151	150	1	0
IS	5878	144	144	0	0
IS	5879	115	115	0	0
IS	5880	119	118	1	0
IS	5881	142	140	2	0
IS	5882	153	152	1	0
IS	5883	125	125	0	0
IS	5884	156	153	3	0
IS	5885	129	127	2	0
IS	5886	122	122	0	0
IS	5887	155	153	2	0
IS	5888	150	148	2	0
IS	5889	144	144	0	0
IS	5890	159	159	0	0
IS	5891	151	151	0	0
IS	5892	119	119	0	0
IS	5893	150	150	0	0
IS	5894	132	130	2	0
IS	5895	123	122	1	0
IS	5896	113	113	0	0
IS	5897	129	129	0	0
IS	5898	155	155	0	0
IS	5899	146	146	0	0
IS	5900	169	169	0	0
IS	5901	142	142	0	0
IS	5902	132	132	0	0
IS	5903	110	109	1	0
IS	5904	158	158	0	0
IS	5905	155	155	0	0
IS	5906	136	135	1	0
IS	5907	156	156	0	0
IS	5908	143	143	0	0
IS	5909	133	132	1	0
IS	5910	132	131	1	0
IS	5911	117	117	0	0
IS	5912	176	176	0	0
IS	5913	149	149	0	0
IS	5914	144	144	0	0
IS	5915	128	128	0	0
IS	5916	135	135	0	0
IS	5917	125	125	0	0
IS	5918	118	118	0	0
IS	5919	137	137	0	0
IS	5920	119	119	0	0
IS	5921	140	140	0	0
IS	5922	153	152	1	0
IS	5923	132	132	0	0
IS	5924	166	166	0	0
IS	5925	142	142	0	0
IS	5926	139	138	1	0
IS	5927	120	120	0	0
IS	5928	133	133	0	0
IS	5929	144	144	0	0
IS	5930	129	126	3	0
IS	5931	141	140	1	0
IS	5932	157	157	0	0
IS	5933	151	150	1	0
IS	5934	157	155	2	0
IS	5935	125	125	0	0
IS	5936	154	154	0	0
IS	5937	127	126	1	0
IS	5938	156	156	0	0
IS	5939	159	159	0	0
IS	5940	143	141	2	0
IS	5941	139	139	0	0
IS	5942	150	150	0	0
IS	5943	126	125	1	0
IS	5944	151	151	0	0
IS	5945	133	132	1	0
IS	5946	131	129	2	0
IS	5947	140	140	0	0
IS	5948	142	141	1	0
IS	5949	146	146	0	0
IS	5950	141	141	0	0
IS	5951	139	138	1	0
IS	5952	153	153	0	0
IS	5953	129	128	1	0
IS	5954	140	140	0	0
IS	5955	133	133	0	0
IS	5956	144	143	1	0
IS	5957	127	127	0	0
IS	5958	141	141	0	0
IS	5959	119	119	0	0
IS	5960	134	134	0	0
IS	5961	135	133	2	0
IS	5962	149	149	0	0
IS	5963	132	132	0	0
IS	5964	138	136	2	0
IS	5965	125	123	2	0
IS	5966	141	141	0	0
IS	5967	119	118	1	0
IS	5968	131	130	1	0
IS	5969	130	130	0	0
IS	5970	155	154	1	0
IS	5971	123	123	0	0
IS	5972	135	134	1	0
IS	5973	133	133	0	0
IS	5974	147	147	0	0
IS	5975	126	126	0	0
IS	5976	149	149	0	0
IS	5977	145	144	1	0
IS	5978	137	137	0	0
IS	5979	141	141	0	0
IS	5980	153	153	0	0
IS	5981	152	152	0	0
IS	5982	111	111	0	0
IS	5983	145	145	0	0
IS	5984	119	118	1	0
IS	5985	171	171	0	0
IS	5986	158	158	0	0
IS	5987	135	135	0	0
IS	5988	157	156	1	0
IS	5989	140	140	0	0
IS	5990	149	148	1	0
IS	5991	139	139	0	0
IS	5992	143	143	0	0
IS	5993	131	130	1	0
IS	5994	148	148	0	0
IS	5995	132	131	1	0
IS	5996	166	166	0	0
IS	5997	141	141	0	0
IS	5998	129	128	1	0
IS	5999	106	106	0	0
IS	6000	137	137	0	0
IS	6001	143	143	0	0
IS	6002	134	134	0	0
IS	6003	155	154	1	0
IS	6004	145	145	0	0
IS	6005	133	133	0	0
IS	6006	173	173	0	0
IS	6007	119	118	1	0
IS	6008	122	122	0	0
IS	6009	117	116	1	0
IS	6010	137	136	1	0
IS	6011	165	165	0	0
IS	6012	127	127	0	0
IS	6013	126	126	0	0
IS	6014	129	129	0	0
IS	6015	118	118	0	0
IS	6016	128	128	0	0
IS	6017	135	135	0	0
IS	6018	130	130	0	0
IS	6019	140	140	0	0
IS	6020	132	130	2	0
IS	6021	109	109	0	0
IS	6022	120	120	0	0
IS	6023	139	139	0	0
IS	6024	134	133	1	0
IS	6025	116	115	1	0
IS	6026	123	122	1	0
IS	6027	136	136	0	0
IS	6028	138	138	0	0
IS	6029	111	111	0	0
IS	6030	158	158	0	0
IS	6031	137	136	1	0
IS	6032	109	109	0	0
IS	6033	126	126	0	0
IS	6034	148	147	1	0
IS	6035	108	108	0	0
IS	6036	106	106	0	0
IS	6037	117	116	1	0
IS	6038	129	129	0	0
IS	6039	154	153	1	0
IS	6040	132	131	1	0
IS	6041	113	113	0	0
IS	6042	142	142	0	0
IS	6043	120	118	2	0
IS	6044	138	137	1	0
IS	6045	147	146	1	0
IS	6046	101	101	0	0
IS	6047	137	137	0	0
IS	6048	140	139	1	0
IS	6049	109	109	0	0
IS	6050	113	113	0	0
IS	6051	158	158	0	0
IS	6052	172	172	0	0
IS	6053	153	153	0	0
IS	6054	140	140	0	0
IS	6055	138	138	0	0
IS	6056	114	113	1	0
IS	6057	155	155	0	0
IS	6058	149	149	0	0
IS	6059	116	116	0	0
IS	6060	109	109	0	0
IS	6061	140	140	0	0
IS	6062	108	108	0	0
IS	6063	151	151	0	0
IS	6064	121	121	0	0
IS	6065	135	135	0	0
IS	6066	114	113	1	0
IS	6067	154	152	2	0
IS	6068	146	146	0	0
IS	6069	158	156	2	0
IS	6070	148	147	1	0
IS	6071	125	125	0	0
IS	6072	140	140	0	0
IS	6073	119	119	0	0
IS	6074	175	175	0	0
IS	6075	131	131	0	0
IS	6076	173	172	1	0
IS	6077	141	141	0	0
IS	6078	128	128	0	0
IS	6079	141	140	1	0
IS	6080	117	117	0	0
IS	6081	160	159	1	0
IS	6082	128	128	0	0
IS	6083	125	125	0	0
IS	6084	134	133	1	0
IS	6085	143	143	0	0
IS	6086	124	124	0	0
IS	6087	110	110	0	0
IS	6088	114	114	0	0
IS	6089	128	128	0	0
IS	6090	129	129	0	0
IS	6091	132	132	0	0
IS	6092	117	115	2	0
IS	6093	126	126	0	0
IS	6094	132	131	1	0
IS	6095	120	120	0	0
IS	6096	109	108	1	0
IS	6097	136	134	2	0
IS	6098	139	139	0	0
IS	6099	142	142	0	0
IS	6100	144	144	0	0
IS	6101	117	117	0	0
IS	6102	126	125	1	0
IS	6103	123	123	0	0
IS	6104	129	128	1	0
IS	6105	129	128	1	0
IS	6106	135	135	0	0
IS	6107	143	143	0	0
IS	6108	114	113	1	0
IS	6109	126	124	2	0
IS	6110	122	122	0	0
IS	6111	135	135	0	0
IS	6112	139	139	0	0
IS	6113	156	155	1	0
IS	6114	143	143	0	0
IS	6115	131	131	0	0
IS	6116	115	115	0	0
IS	6117	121	121	0	0
IS	6118	132	132	0	0
IS	6119	133	132	1	0
IS	6120	127	127	0	0
IS	6121	127	127	0	0
IS	6122	118	117	1	0
IS	6123	146	145	1	0
IS	6124	134	134	0	0
IS	6125	127	127	0	0
IS	6126	112	112	0	0
IS	6127	108	107	1	0
IS	6128	130	130	0	0
IS	6129	121	121	0	0
IS	6130	119	119	0	0
IS	6131	124	124	0	0
IS	6132	150	148	2	0
IS	6133	98	97	1	0
IS	6134	129	129	0	0
IS	6135	102	102	0	0
IS	6136	161	160	1	0
IS	6137	130	130	0	0
IS	6138	122	122	0	0
IS	6139	138	137	1	0
IS	6140	149	149	0	0
IS	6141	161	160	1	0
IS	6142	131	130	1	0
IS	6143	137	137	0	0
IS	6144	144	143	1	0
IS	6145	113	112	1	0
IS	6146	125	125	0	0
IS	6147	125	125	0	0
IS	6148	130	129	1	0
IS	6149	106	106	0	0
IS	6150	115	113	2	0
IS	6151	135	134	1	0
IS	6152	133	133	0	0
IS	6153	115	114	1	0
IS	6154	139	139	0	0
IS	6155	122	122	0	0
IS	6156	147	146	1	0
IS	6157	151	150	1	0
IS	6158	143	140	3	0
IS	6159	123	123	0	0
IS	6160	104	103	1	0
IS	6161	118	117	1	0
IS	6162	144	144	0	0
IS	6163	124	124	0	0
IS	6164	131	130	1	0
IS	6165	150	148	2	0
IS	6166	140	139	1	0
IS	6167	118	116	2	0
IS	6168	129	128	1	0
IS	6169	118	118	0	0
IS	6170	150	148	2	0
IS	6171	125	125	0	0
IS	6172	119	118	1	0
IS	6173	124	124	0	0
IS	6174	127	127	0	0
IS	6175	161	161	0	0
IS	6176	150	150	0	0
IS	6177	138	137	1	0
IS	6178	136	136	0	0
IS	6179	135	135	0	0
IS	6180	133	133	0	0
IS	6181	135	135	0	0
IS	6182	115	114	1	0
IS	6183	103	103	0	0
IS	6184	141	141	0	0
IS	6185	112	112	0	0
IS	6186	127	127	0	0
IS	6187	121	120	1	0
IS	6188	128	127	1	0
IS	6189	127	127	0	0
IS	6190	141	141	0	0
IS	6191	146	146	0	0
IS	6192	146	144	2	0
IS	6193	119	116	3	0
IS	6194	125	125	0	0
IS	6195	145	145	0	0
IS	6196	140	140	0	0
IS	6197	102	101	1	0
IS	6198	149	149	0	0
IS	6199	151	151	0	0
IS	6200	126	126	0	0
IS	6201	147	147	0	0
IS	6202	135	135	0	0
IS	6203	135	135	0	0
IS	6204	132	132	0	0
IS	6205	125	123	2	0
IS	6206	136	136	0	0
IS	6207	145	145	0	0
IS	6208	117	116	1	0
IS	6209	136	135	1	0
IS	6210	124	124	0	0
IS	6211	136	136	0	0
IS	6212	176	176	0	0
IS	6213	151	149	2	0
IS	6214	127	127	0	0
IS	6215	135	135	0	0
IS	6216	135	135	0	0
IS	6217	154	153	1	0
IS	6218	134	134	0	0
IS	6219	173	173	0	0
IS	6220	163	163	0	0
IS	6221	153	153	0	0
IS	6222	123	122	1	0
IS	6223	162	162	0	0
IS	6224	113	112	1	0
IS	6225	107	107	0	0
IS	6226	136	136	0	0
IS	6227	121	120	1	0
IS	6228	118	118	0	0
IS	6229	106	105	1	0
IS	6230	111	111	0	0
IS	6231	151	149	2	0
IS	6232	135	134	1	0
IS	6233	121	120	1	0
IS	6234	110	109	1	0
IS	6235	164	163	1	0
IS	6236	126	125	1	0
IS	6237	124	124	0	0
IS	6238	129	128	1	0
IS	6239	142	142	0	0
IS	6240	144	143	1	0
IS	6241	129	127	2	0
IS	6242	146	146	0	0
IS	6243	140	138	2	0
IS	6244	157	157	0	0
IS	6245	108	108	0	0
IS	6246	145	145	0	0
IS	6247	138	137	1	0
IS	6248	128	128	0	0
IS	6249	123	122	1	0
IS	6250	150	150	0	0
IS	6251	150	147	3	0
IS	6252	133	132	1	0
IS	6253	157	157	0	0
IS	6254	148	147	1	0
IS	6255	117	116	1	0
IS	6256	141	141	0	0
IS	6257	152	150	2	0
IS	6258	127	127	0	0
IS	6259	120	120	0	0
IS	6260	136	136	0	0
IS	6261	140	139	1	0
IS	6262	143	142	1	0
IS	6263	156	155	1	0
IS	6264	144	143	1	0
IS	6265	149	147	2	0
IS	6266	137	137	0	0
IS	6267	132	132	0	0
IS	6268	126	125	1	0
IS	6269	152	151	1	0
IS	6270	108	108	0	0
IS	6271	142	139	3	0
IS	6272	130	130	0	0
IS	6273	134	134	0	0
IS	6274	121	120	1	0
IS	6275	103	103	0	0
IS	6276	120	120	0	0
IS	6277	138	137	1	0
IS	6278	143	142	1	0
IS	6279	137	136	1	0
IS	6280	155	155	0	0
IS	6281	120	119	1	0
IS	6282	121	121	0	0
IS	6283	146	145	1	0
IS	6284	144	143	1	0
IS	6285	110	110	0	0
IS	6286	150	149	1	0
IS	6287	155	155	0	0
IS	6288	121	121	0	0
IS	6289	140	140	0	0
IS	6290	141	141	0	0
IS	6291	142	141	1	0
IS	6292	136	135	1	0
IS	6293	133	133	0	0
IS	6294	127	127	0	0
IS	6295	147	145	2	0
IS	6296	159	159	0	0
IS	6297	118	118	0	0
IS	6298	126	125	1	0
IS	6299	146	145	1	0
IS	6300	138	138	0	0
IS	6301	138	138	0	0
IS	6302	147	147	0	0
IS	6303	122	121	1	0
IS	6304	135	135	0	0
IS	6305	143	140	3	0
IS	6306	134	134	0	0
IS	6307	149	149	0	0
IS	6308	115	114	1	0
IS	6309	113	113	0	0
IS	6310	154	154	0	0
IS	6311	132	132	0	0
IS	6312	149	149	0	0
IS	6313	153	153	0	0
IS	6314	137	135	2	0
IS	6315	142	142	0	0
IS	6316	130	129	1	0
IS	6317	131	131	0	0
IS	6318	113	113	0	0
IS	6319	141	141	0	0
IS	6320	122	121	1	0
IS	6321	133	132	1	0
IS	6322	118	118	0	0
IS	6323	127	126	1	0
IS	6324	140	140	0	0
IS	6325	150	149	1	0
IS	6326	147	146	1	0
IS	6327	139	139	0	0
IS	6328	137	137	0	0
IS	6329	106	105	1	0
IS	6330	126	124	2	0
IS	6331	138	138	0	0
IS	6332	146	143	3	0
IS	6333	176	176	0	0
IS	6334	138	137	1	0
IS	6335	158	157	1	0
IS	6336	154	149	5	0
IS	6337	128	128	0	0
IS	6338	165	165	0	0
IS	6339	139	139	0	0
IS	6340	152	152	0	0
IS	6341	140	138	2	0
IS	6342	115	114	1	0
IS	6343	146	146	0	0
IS	6344	139	139	0	0
IS	6345	119	119	0	0
IS	6346	120	120	0	0
IS	6347	119	119	0	0
IS	6348	105	105	0	0
IS	6349	125	125	0	0
IS	6350	133	133	0	0
IS	6351	138	138	0	0
IS	6352	158	155	3	0
IS	6353	150	150	0	0
IS	6354	127	127	0	0
IS	6355	146	146	0	0
IS	6356	131	131	0	0
IS	6357	137	137	0	0
IS	6358	135	135	0	0
IS	6359	115	115	0	0
IS	6360	125	124	1	0
IS	6361	133	133	0	0
IS	6362	135	135	0	0
IS	6363	117	117	0	0
IS	6364	148	148	0	0
IS	6365	123	123	0	0
IS	6366	140	140	0	0
IS	6367	135	135	0	0
IS	6368	131	131	0	0
IS	6369	117	116	1	0
IS	6370	145	142	3	0
IS	6371	137	137	0	0
IS	6372	140	140	0	0
IS	6373	153	153	0	0
IS	6374	139	139	0	0
IS	6375	162	162	0	0
IS	6376	131	131	0	0
IS	6377	156	156	0	0
IS	6378	133	133	0	0
IS	6379	167	167	0	0
IS	6380	115	115	0	0
IS	6381	125	125	0	0
IS	6382	136	136	0	0
IS	6383	113	113	0	0
IS	6384	168	167	1	0
IS	6385	156	156	0	0
IS	6386	148	148	0	0
IS	6387	155	155	0	0
IS	6388	129	129	0	0
IS	6389	128	128	0	0
IS	6390	132	132	0	0
IS	6391	108	108	0	0
IS	6392	152	151	1	0
IS	6393	153	152	1	0
IS	6394	147	147	0	0
IS	6395	139	139	0	0
IS	6396	138	138	0	0
IS	6397	169	169	0	0
IS	6398	151	150	1	0
IS	6399	104	103	1	0
IS	6400	151	150	1	0
IS	6401	166	165	1	0
IS	6402	139	138	1	0
IS	6403	146	145	1	0
IS	6404	120	120	0	0
IS	6405	136	136	0	0
IS	6406	159	157	2	0
IS	6407	145	145	0	0
IS	6408	157	156	1	0
IS	6409	134	133	1	0
IS	6410	116	116	0	0
IS	6411	118	117	1	0
IS	6412	157	155	2	0
IS	6413	142	142	0	0
IS	6414	124	123	1	0
IS	6415	135	135	0	0
IS	6416	139	135	4	0
IS	6417	145	145	0	0
IS	6418	135	135	0	0
IS	6419	107	107	0	0
IS	6420	142	142	0	0
IS	6421	155	155	0	0
IS	6422	161	161	0	0
IS	6423	117	117	0	0
IS	6424	127	127	0	0
IS	6425	127	125	2	0
IS	6426	153	153	0	0
IS	6427	159	159	0	0
IS	6428	131	131	0	0
IS	6429	127	127	0	0
IS	6430	146	146	0	0
IS	6431	121	121	0	0
IS	6432	131	131	0	0
IS	6433	158	158	0	0
IS	6434	127	127	0	0
IS	6435	132	132	0	0
IS	6436	132	132	0	0
IS	6437	151	151	0	0
IS	6438	161	161	0	0
IS	6439	144	142	2	0
IS	6440	178	177	1	0
IS	6441	179	178	1	0
IS	6442	168	168	0	0
IS	6443	124	122	2	0
IS	6444	127	127	0	0
IS	6445	141	140	1	0
IS	6446	156	155	1	0
IS	6447	126	126	0	0
IS	6448	147	146	1	0
IS	6449	135	134	1	0
IS	6450	144	144	0	0
IS	6451	152	152	0	0
IS	6452	137	136	1	0
IS	6453	126	126	0	0
IS	6454	134	134	0	0
IS	6455	130	130	0	0
IS	6456	163	163	0	0
IS	6457	127	127	0	0
IS	6458	141	141	0	0
IS	6459	133	133	0	0
IS	6460	145	144	1	0
IS	6461	143	142	1	0
IS	6462	138	138	0	0
IS	6463	121	121	0	0
IS	6464	156	156	0	0
IS	6465	134	134	0	0
IS	6466	148	148	0	0
IS	6467	125	124	1	0
IS	6468	123	122	1	0
IS	6469	127	126	1	0
IS	6470	125	125	0	0
IS	6471	118	118	0	0
IS	6472	153	153	0	0
IS	6473	162	162	0	0
IS	6474	140	139	1	0
IS	6475	146	145	1	0
IS	6476	113	113	0	0
IS	6477	152	151	1	0
IS	6478	148	148	0	0
IS	6479	118	118	0	0
IS	6480	161	161	0	0
IS	6481	161	161	0	0
IS	6482	105	104	1	0
IS	6483	149	148	1	0
IS	6484	147	147	0	0
IS	6485	151	150	1	0
IS	6486	125	125	0	0
IS	6487	150	150	0	0
IS	6488	142	142	0	0
IS	6489	119	118	1	0
IS	6490	159	159	0	0
IS	6491	182	181	1	0
IS	6492	136	136	0	0
IS	6493	142	142	0	0
IS	6494	173	172	1	0
IS	6495	141	141	0	0
IS	6496	132	132	0	0
IS	6497	151	150	1	0
IS	6498	177	177	0	0
IS	6499	190	190	0	0
IS	6500	146	145	1	0
IS	6501	148	148	0	0
IS	6502	134	134	0	0
IS	6503	172	171	1	0
IS	6504	158	158	0	0
IS	6505	140	139	1	0
IS	6506	152	151	1	0
IS	6507	160	160	0	0
IS	6508	157	157	0	0
IS	6509	185	185	0	0
IS	6510	149	149	0	0
IS	6511	162	162	0	0
IS	6512	177	176	1	0
IS	6513	103	103	0	0
IS	6514	154	154	0	0
IS	6515	170	169	1	0
IS	6516	135	135	0	0
IS	6517	133	133	0	0
IS	6518	157	155	2	0
IS	6519	155	155	0	0
IS	6520	181	179	2	0
IS	6521	156	156	0	0
IS	6522	157	155	2	0
IS	6523	162	161	1	0
IS	6524	157	157	0	0
IS	6525	187	187	0	0
IS	6526	164	163	1	0
IS	6527	160	159	1	0
IS	6528	149	147	2	0
IS	6529	167	167	0	0
IS	6530	132	132	0	0
IS	6531	138	138	0	0
IS	6532	154	154	0	0
IS	6533	141	139	2	0
IS	6534	161	161	0	0
IS	6535	175	175	0	0
IS	6536	169	169	0	0
IS	6537	158	157	1	0
IS	6538	190	190	0	0
IS	6539	160	159	1	0
IS	6540	154	154	0	0
IS	6541	187	186	1	0
IS	6542	155	155	0	0
IS	6543	171	171	0	0
IS	6544	156	154	2	0
IS	6545	187	187	0	0
IS	6546	145	144	1	0
IS	6547	156	156	0	0
IS	6548	149	149	0	0
IS	6549	161	161	0	0
IS	6550	114	113	1	0
IS	6551	168	168	0	0
IS	6552	146	146	0	0
IS	6553	178	177	1	0
IS	6554	171	171	0	0
IS	6555	162	162	0	0
IS	6556	172	172	0	0
IS	6557	154	154	0	0
IS	6558	162	162	0	0
IS	6559	163	163	0	0
IS	6560	154	153	1	0
IS	6561	183	183	0	0
IS	6562	162	162	0	0
IS	6563	187	187	0	0
IS	6564	149	149	0	0
IS	6565	151	150	1	0
IS	6566	151	151	0	0
IS	6567	170	169	1	0
IS	6568	125	125	0	0
IS	6569	139	139	0	0
IS	6570	180	180	0	0
IS	6571	162	162	0	0
IS	6572	159	159	0	0
IS	6573	155	154	1	0
IS	6574	193	192	1	0
IS	6575	145	145	0	0
IS	6576	167	167	0	0
IS	6577	165	165	0	0
IS	6578	135	135	0	0
IS	6579	168	168	0	0
IS	6580	128	127	1	0
IS	6581	131	131	0	0
IS	6582	151	151	0	0
IS	6583	152	152	0	0
IS	6584	140	140	0	0
IS	6585	107	106	1	0
IS	6586	132	132	0	0
IS	6587	151	150	1	0
IS	6588	146	146	0	0
IS	6589	159	157	2	0
IS	6590	195	195	0	0
IS	6591	148	148	0	0
IS	6592	168	167	1	0
IS	6593	158	157	1	0
IS	6594	157	157	0	0
IS	6595	134	133	1	0
IS	6596	173	172	1	0
IS	6597	164	164	0	0
IS	6598	141	141	0	0
IS	6599	169	169	0	0
IS	6600	175	174	1	0
IS	6601	141	141	0	0
IS	6602	198	198	0	0
IS	6603	150	149	1	0
IS	6604	135	135	0	0
IS	6605	131	131	0	0
IS	6606	131	131	0	0
IS	6607	132	130	2	0
IS	6608	172	172	0	0
IS	6609	142	142	0	0
IS	6610	149	147	2	0
IS	6611	125	125	0	0
IS	6612	178	177	1	0
IS	6613	134	134	0	0
IS	6614	116	114	2	0
IS	6615	122	122	0	0
IS	6616	153	153	0	0
IS	6617	140	139	1	0
IS	6618	142	141	1	0
IS	6619	135	135	0	0
IS	6620	147	147	0	0
IS	6621	147	146	1	0
IS	6622	128	128	0	0
IS	6623	159	159	0	0
IS	6624	157	157	0	0
IS	6625	165	164	1	0
IS	6626	137	136	1	0
IS	6627	160	159	1	0
IS	6628	133	133	0	0
IS	6629	133	132	1	0
IS	6630	152	150	2	0
IS	6631	151	150	1	0
IS	6632	159	157	2	0
IS	6633	153	153	0	0
IS	6634	119	119	0	0
IS	6635	107	107	0	0
IS	6636	139	139	0	0
IS	6637	137	137	0	0
IS	6638	125	125	0	0
IS	6639	146	146	0	0
IS	6640	125	125	0	0
IS	6641	111	110	1	0
IS	6642	161	160	1	0
IS	6643	164	163	1	0
IS	6644	145	145	0	0
IS	6645	126	125	1	0
IS	6646	128	128	0	0
IS	6647	143	143	0	0
IS	6648	126	126	0	0
IS	6649	148	148	0	0
IS	6650	144	143	1	0
IS	6651	133	133	0	0
IS	6652	139	139	0	0
IS	6653	121	121	0	0
IS	6654	123	123	0	0
IS	6655	157	157	0	0
IS	6656	172	170	2	0
IS	6657	131	131	0	0
IS	6658	118	117	1	0
IS	6659	161	161	0	0
IS	6660	149	149	0	0
IS	6661	103	103	0	0
IS	6662	158	158	0	0
IS	6663	116	116	0	0
IS	6664	125	123	2	0
IS	6665	138	138	0	0
IS	6666	109	109	0	0
IS	6667	147	147	0	0
IS	6668	147	147	0	0
IS	6669	125	125	0	0
IS	6670	149	149	0	0
IS	6671	127	125	2	0
IS	6672	132	131	1	0
IS	6673	123	122	1	0
IS	6674	127	127	0	0
IS	6675	140	139	1	0
IS	6676	123	123	0	0
IS	6677	127	126	1	0
IS	6678	147	147	0	0
IS	6679	154	154	0	0
IS	6680	137	137	0	0
IS	6681	135	135	0	0
IS	6682	160	159	1	0
IS	6683	155	153	2	0
IS	6684	148	148	0	0
IS	6685	107	105	2	0
IS	6686	123	122	1	0
IS	6687	116	116	0	0
IS	6688	133	132	1	0
IS	6689	148	148	0	0
IS	6690	138	138	0	0
IS	6691	132	132	0	0
IS	6692	124	124	0	0
IS	6693	115	114	1	0
IS	6694	173	173	0	0
IS	6695	132	132	0	0
IS	6696	132	132	0	0
IS	6697	132	132	0	0
IS	6698	87	87	0	0
IS	6699	108	107	1	0
IS	6700	121	121	0	0
IS	6701	123	123	0	0
IS	6702	120	119	1	0
IS	6703	132	132	0	0
IS	6704	123	122	1	0
IS	6705	115	112	3	0
IS	6706	130	129	1	0
IS	6707	129	129	0	0
IS	6708	131	130	1	0
IS	6709	120	120	0	0
IS	6710	127	127	0	0
IS	6711	115	115	0	0
IS	6712	100	100	0	0
IS	6713	146	146	0	0
IS	6714	110	110	0	0
IS	6715	109	109	0	0
IS	6716	121	121	0	0
IS	6717	138	138	0	0
IS	6718	116	115	1	0
IS	6719	132	132	0	0
IS	6720	126	125	1	0
IS	6721	130	130	0	0
IS	6722	102	101	1	0
IS	6723	126	126	0	0
IS	6724	134	134	0	0
IS	6725	117	117	0	0
IS	6726	109	109	0	0
IS	6727	126	126	0	0
IS	6728	128	128	0	0
IS	6729	136	134	2	0
IS	6730	115	114	1	0
IS	6731	126	126	0	0
IS	6732	150	148	2	0
IS	6733	127	127	0	0
IS	6734	151	151	0	0
IS	6735	96	96	0	0
IS	6736	125	124	1	0
IS	6737	134	134	0	0
IS	6738	119	119	0	0
IS	6739	120	119	1	0
IS	6740	107	107	0	0
IS	6741	138	138	0	0
IS	6742	118	118	0	0
IS	6743	102	102	0	0
IS	6744	132	132	0	0
IS	6745	120	120	0	0
IS	6746	120	120	0	0
IS	6747	120	120	0	0
IS	6748	157	157	0	0
IS	6749	100	100	0	0
IS	6750	125	125	0	0
IS	6751	130	128	2	0
IS	6752	119	119	0	0
IS	6753	120	118	2	0
IS	6754	136	136	0	0
IS	6755	133	133	0	0
IS	6756	108	106	2	0
IS	6757	105	105	0	0
IS	6758	113	113	0	0
IS	6759	172	172	0	0
IS	6760	90	88	2	0
IS	6761	93	93	0	0
IS	6762	119	117	2	0
IS	6763	131	130	1	0
IS	6764	140	140	0	0
IS	6765	107	107	0	0
IS	6766	142	142	0	0
IS	6767	113	113	0	0
IS	6768	114	113	1	0
IS	6769	147	147	0	0
IS	6770	137	137	0	0
IS	6771	113	113	0	0
IS	6772	140	140	0	0
IS	6773	132	131	1	0
IS	6774	122	122	0	0
IS	6775	117	117	0	0
IS	6776	117	116	1	0
IS	6777	99	99	0	0
IS	6778	127	126	1	0
IS	6779	135	135	0	0
IS	6780	135	135	0	0
IS	6781	113	113	0	0
IS	6782	104	104	0	0
IS	6783	117	117	0	0
IS	6784	105	105	0	0
IS	6785	108	108	0	0
IS	6786	85	85	0	0
IS	6787	108	108	0	0
IS	6788	113	112	1	0
IS	6789	111	111	0	0
IS	6790	116	116	0	0
IS	6791	125	125	0	0
IS	6792	113	113	0	0
IS	6793	143	143	0	0
IS	6794	115	114	1	0
IS	6795	127	125	2	0
IS	6796	126	126	0	0
IS	6797	129	129	0	0
IS	6798	105	105	0	0
IS	6799	108	107	1	0
IS	6800	123	123	0	0
IS	6801	121	121	0	0
IS	6802	127	127	0	0
IS	6803	109	109	0	0
IS	6804	89	88	1	0
IS	6805	86	86	0	0
IS	6806	107	106	1	0
IS	6807	108	108	0	0
IS	6808	103	103	0	0
IS	6809	112	112	0	0
IS	6810	107	105	2	0
IS	6811	103	103	0	0
IS	6812	128	128	0	0
IS	6813	122	122	0	0
IS	6814	124	124	0	0
IS	6815	126	122	4	0
IS	6816	132	131	1	0
IS	6817	96	96	0	0
IS	6818	103	103	0	0
IS	6819	121	120	1	0
IS	6820	110	110	0	0
IS	6821	114	114	0	0
IS	6822	104	104	0	0
IS	6823	118	117	1	0
IS	6824	116	116	0	0
IS	6825	139	138	1	0
IS	6826	118	118	0	0
IS	6827	121	121	0	0
IS	6828	120	120	0	0
IS	6829	125	124	1	0
IS	6830	130	129	1	0
IS	6831	134	134	0	0
IS	6832	127	125	2	0
IS	6833	137	134	3	0
IS	6834	98	98	0	0
IS	6835	120	119	1	0
IS	6836	108	108	0	0
IS	6837	128	128	0	0
IS	6838	112	112	0	0
IS	6839	108	107	1	0
IS	6840	125	125	0	0
IS	6841	121	121	0	0
IS	6842	105	105	0	0
IS	6843	128	128	0	0
IS	6844	121	118	3	0
IS	6845	123	123	0	0
IS	6846	98	98	0	0
IS	6847	98	98	0	0
IS	6848	119	119	0	0
IS	6849	102	101	1	0
IS	6850	127	126	1	0
IS	6851	98	97	1	0
IS	6852	120	120	0	0
IS	6853	114	114	0	0
IS	6854	131	131	0	0
IS	6855	90	90	0	0
IS	6856	117	117	0	0
IS	6857	121	121	0	0
IS	6858	102	102	0	0
IS	6859	82	82	0	0
IS	6860	104	104	0	0
IS	6861	116	115	1	0
IS	6862	118	117	1	0
IS	6863	99	98	1	0
IS	6864	117	117	0	0
IS	6865	114	114	0	0
IS	6866	138	137	1	0
IS	6867	99	97	2	0
IS	6868	108	107	1	0
IS	6869	104	103	1	0
IS	6870	102	102	0	0
IS	6871	113	112	1	0
IS	6872	93	92	1	0
IS	6873	113	112	1	0
IS	6874	115	114	1	0
IS	6875	120	119	1	0
IS	6876	114	114	0	0
IS	6877	98	98	0	0
IS	6878	127	127	0	0
IS	6879	77	77	0	0
IS	6880	116	115	1	0
IS	6881	116	116	0	0
IS	6882	124	124	0	0
IS	6883	148	148	0	0
IS	6884	105	105	0	0
IS	6885	114	113	1	0
IS	6886	125	125	0	0
IS	6887	121	121	0	0
IS	6888	161	159	2	0
IS	6889	109	109	0	0
IS	6890	125	124	1	0
IS	6891	123	122	1	0
IS	6892	99	98	1	0
IS	6893	134	132	2	0
IS	6894	110	109	1	0
IS	6895	114	114	0	0
IS	6896	119	117	2	0
IS	6897	109	108	1	0
IS	6898	107	107	0	0
IS	6899	128	128	0	0
IS	6900	116	116	0	0
IS	6901	140	139	1	0
IS	6902	111	111	0	0
IS	6903	98	98	0	0
IS	6904	153	153	0	0
IS	6905	106	106	0	0
IS	6906	116	116	0	0
IS	6907	104	103	1	0
IS	6908	121	119	2	0
IS	6909	118	117	1	0
IS	6910	107	107	0	0
IS	6911	107	106	1	0
IS	6912	113	113	0	0
IS	6913	113	113	0	0
IS	6914	126	126	0	0
IS	6915	109	108	1	0
IS	6916	109	109	0	0
IS	6917	119	118	1	0
IS	6918	111	111	0	0
IS	6919	109	107	2	0
IS	6920	91	90	1	0
IS	6921	123	123	0	0
IS	6922	105	105	0	0
IS	6923	117	117	0	0
IS	6924	120	120	0	0
IS	6925	121	120	1	0
IS	6926	105	105	0	0
IS	6927	92	92	0	0
IS	6928	121	120	1	0
IS	6929	114	114	0	0
IS	6930	114	114	0	0
IS	6931	113	113	0	0
IS	6932	127	127	0	0
IS	6933	124	124	0	0
IS	6934	109	109	0	0
IS	6935	100	99	1	0
IS	6936	116	116	0	0
IS	6937	123	123	0	0
IS	6938	96	96	0	0
IS	6939	112	112	0	0
IS	6940	97	97	0	0
IS	6941	104	104	0	0
IS	6942	100	98	2	0
IS	6943	91	90	1	0
IS	6944	95	95	0	0
IS	6945	83	83	0	0
IS	6946	108	108	0	0
IS	6947	102	101	1	0
IS	6948	112	112	0	0
IS	6949	119	119	0	0
IS	6950	115	115	0	0
IS	6951	100	100	0	0
IS	6952	125	125	0	0
IS	6953	101	100	1	0
IS	6954	103	103	0	0
IS	6955	121	119	2	0
IS	6956	124	124	0	0
IS	6957	119	119	0	0
IS	6958	110	109	1	0
IS	6959	120	120	0	0
IS	6960	116	115	1	0
IS	6961	82	82	0	0
IS	6962	108	108	0	0
IS	6963	136	135	1	0
IS	6964	90	89	1	0
IS	6965	120	119	1	0
IS	6966	104	103	1	0
IS	6967	118	118	0	0
IS	6968	119	118	1	0
IS	6969	121	121	0	0
IS	6970	116	116	0	0
IS	6971	108	108	0	0
IS	6972	97	97	0	0
IS	6973	107	107	0	0
IS	6974	124	124	0	0
IS	6975	105	105	0	0
IS	6976	115	115	0	0
IS	6977	114	114	0	0
IS	6978	101	101	0	0
IS	6979	103	101	2	0
IS	6980	126	126	0	0
IS	6981	115	115	0	0
IS	6982	91	89	2	0
IS	6983	96	96	0	0
IS	6984	116	116	0	0
IS	6985	130	129	1	0
IS	6986	79	79	0	0
IS	6987	111	111	0	0
IS	6988	105	105	0	0
IS	6989	108	107	1	0
IS	6990	119	119	0	0
IS	6991	113	113	0	0
IS	6992	87	86	1	0
IS	6993	96	95	1	0
IS	6994	119	119	0	0
IS	6995	112	112	0	0
IS	6996	99	98	1	0
IS	6997	120	120	0	0
IS	6998	101	101	0	0
IS	6999	112	112	0	0
IS	7000	96	95	1	0
IS	7001	110	110	0	0
IS	7002	107	104	3	0
IS	7003	73	72	1	0
IS	7004	116	116	0	0
IS	7005	116	115	1	0
IS	7006	101	101	0	0
IS	7007	109	108	1	0
IS	7008	95	95	0	0
IS	7009	108	108	0	0
IS	7010	100	99	1	0
IS	7011	115	114	1	0
IS	7012	116	115	1	0
IS	7013	101	101	0	0
IS	7014	115	113	2	0
IS	7015	103	102	1	0
IS	7016	91	91	0	0
IS	7017	93	93	0	0
IS	7018	87	87	0	0
IS	7019	103	103	0	0
IS	7020	114	114	0	0
IS	7021	90	89	1	0
IS	7022	92	92	0	0
IS	7023	122	120	2	0
IS	7024	96	96	0	0
IS	7025	102	102	0	0
IS	7026	111	111	0	0
IS	7027	128	128	0	0
IS	7028	108	105	3	0
IS	7029	110	110	0	0
IS	7030	97	97	0	0
IS	7031	115	114	1	0
IS	7032	83	82	1	0
IS	7033	105	105	0	0
IS	7034	105	105	0	0
IS	7035	98	98	0	0
IS	7036	108	108	0	0
IS	7037	132	132	0	0
IS	7038	100	100	0	0
IS	7039	97	97	0	0
IS	7040	112	111	1	0
IS	7041	93	93	0	0
IS	7042	101	99	2	0
IS	7043	102	101	1	0
IS	7044	115	115	0	0
IS	7045	113	113	0	0
IS	7046	104	104	0	0
IS	7047	99	99	0	0
IS	7048	109	108	1	0
IS	7049	97	97	0	0
IS	7050	106	106	0	0
IS	7051	89	88	1	0
IS	7052	125	125	0	0
IS	7053	107	107	0	0
IS	7054	112	111	1	0
IS	7055	113	113	0	0
IS	7056	98	98	0	0
IS	7057	128	126	2	0
IS	7058	102	102	0	0
IS	7059	119	119	0	0
IS	7060	92	91	1	0
IS	7061	100	98	2	0
IS	7062	111	110	1	0
IS	7063	123	122	1	0
IS	7064	123	123	0	0
IS	7065	87	87	0	0
IS	7066	106	106	0	0
IS	7067	124	124	0	0
IS	7068	103	103	0	0
IS	7069	99	99	0	0
IS	7070	122	122	0	0
IS	7071	117	116	1	0
IS	7072	104	104	0	0
IS	7073	86	85	1	0
IS	7074	98	97	1	0
IS	7075	117	117	0	0
IS	7076	99	99	0	0
IS	7077	118	117	1	0
IS	7078	123	122	1	0
IS	7079	99	99	0	0
IS	7080	125	125	0	0
IS	7081	127	127	0	0
IS	7082	112	112	0	0
IS	7083	137	137	0	0
IS	7084	100	97	3	0
IS	7085	111	111	0	0
IS	7086	106	106	0	0
IS	7087	120	119	1	0
IS	7088	101	101	0	0
IS	7089	80	80	0	0
IS	7090	112	112	0	0
IS	7091	96	95	1	0
IS	7092	100	100	0	0
IS	7093	111	111	0	0
IS	7094	99	99	0	0
IS	7095	114	114	0	0
IS	7096	118	117	1	0
IS	7097	89	88	1	0
IS	7098	95	93	2	0
IS	7099	83	83	0	0
IS	7100	91	91	0	0
IS	7101	102	101	1	0
IS	7102	100	100	0	0
IS	7103	118	117	1	0
IS	7104	108	107	1	0
IS	7105	91	90	1	0
IS	7106	126	126	0	0
IS	7107	89	89	0	0
IS	7108	103	103	0	0
IS	7109	94	93	1	0
IS	7110	98	98	0	0
IS	7111	77	77	0	0
IS	7112	116	115	1	0
IS	7113	98	98	0	0
IS	7114	86	85	1	0
IS	7115	102	102	0	0
IS	7116	92	92	0	0
IS	7117	81	81	0	0
IS	7118	110	110	0	0
IS	7119	86	86	0	0
IS	7120	110	110	0	0
IS	7121	111	111	0	0
IS	7122	107	107	0	0
IS	7123	88	88	0	0
IS	7124	104	103	1	0
IS	7125	90	89	1	0
IS	7126	107	107	0	0
IS	7127	98	98	0	0
IS	7128	109	109	0	0
IS	7129	115	114	1	0
IS	7130	90	90	0	0
IS	7131	104	104	0	0
IS	7132	97	97	0	0
IS	7133	98	98	0	0
IS	7134	87	86	1	0
IS	7135	104	104	0	0
IS	7136	122	121	1	0
IS	7137	102	101	1	0
IS	7138	114	114	0	0
IS	7139	117	117	0	0
IS	7140	96	96	0	0
IS	7141	166	164	2	0
IS	7142	111	111	0	0
IS	7143	99	99	0	0
IS	7144	102	101	1	0
IS	7145	99	99	0	0
IS	7146	112	112	0	0
IS	7147	109	109	0	0
IS	7148	138	138	0	0
IS	7149	110	110	0	0
IS	7150	113	113	0	0
IS	7151	120	120	0	0
IS	7152	116	116	0	0
IS	7153	83	83	0	0
IS	7154	84	84	0	0
IS	7155	105	103	2	0
IS	7156	103	103	0	0
IS	7157	92	92	0	0
IS	7158	112	112	0	0
IS	7159	105	105	0	0
IS	7160	91	91	0	0
IS	7161	112	112	0	0
IS	7162	114	114	0	0
IS	7163	114	112	2	0
IS	7164	114	114	0	0
IS	7165	100	100	0	0
IS	7166	136	134	2	0
IS	7167	106	106	0	0
IS	7168	109	109	0	0
IS	7169	121	121	0	0
IS	7170	116	115	1	0
IS	7171	72	72	0	0
IS	7172	91	89	2	0
IS	7173	77	77	0	0
IS	7174	97	95	2	0
IS	7175	135	135	0	0
IS	7176	100	99	1	0
IS	7177	98	97	1	0
IS	7178	110	110	0	0
IS	7179	92	92	0	0
IS	7180	108	108	0	0
IS	7181	135	134	1	0
IS	7182	88	88	0	0
IS	7183	89	89	0	0
IS	7184	85	85	0	0
IS	7185	114	114	0	0
IS	7186	112	112	0	0
IS	7187	94	94	0	0
IS	7188	104	103	1	0
IS	7189	108	108	0	0
IS	7190	81	81	0	0
IS	7191	106	104	2	0
IS	7192	86	86	0	0
IS	7193	95	95	0	0
IS	7194	100	100	0	0
IS	7195	114	113	1	0
IS	7196	91	91	0	0
IS	7197	77	77	0	0
IS	7198	97	96	1	0
IS	7199	81	81	0	0
IS	7200	111	111	0	0
IS	7201	112	111	1	0
IS	7202	96	96	0	0
IS	7203	111	111	0	0
IS	7204	88	88	0	0
IS	7205	109	109	0	0
IS	7206	109	109	0	0
IS	7207	109	109	0	0
IS	7208	87	87	0	0
IS	7209	131	131	0	0
IS	7210	96	96	0	0
IS	7211	96	96	0	0
IS	7212	88	88	0	0
IS	7213	108	108	0	0
IS	7214	89	88	1	0
IS	7215	102	102	0	0
IS	7216	105	105	0	0
IS	7217	103	103	0	0
IS	7218	112	112	0	0
IS	7219	96	96	0	0
IS	7220	93	93	0	0
IS	7221	91	90	1	0
IS	7222	89	89	0	0
IS	7223	95	93	2	0
IS	7224	82	82	0	0
IS	7225	127	127	0	0
IS	7226	109	109	0	0
IS	7227	70	70	0	0
IS	7228	82	82	0	0
IS	7229	98	98	0	0
IS	7230	113	113	0	0
IS	7231	98	98	0	0
IS	7232	89	88	1	0
IS	7233	87	87	0	0
IS	7234	105	105	0	0
IS	7235	81	81	0	0
IS	7236	87	87	0	0
IS	7237	82	82	0	0
IS	7238	97	96	1	0
IS	7239	88	88	0	0
IS	7240	107	107	0	0
IS	7241	80	80	0	0
IS	7242	124	124	0	0
IS	7243	72	71	1	0
IS	7244	74	74	0	0
IS	7245	98	98	0	0
IS	7246	92	91	1	0
IS	7247	86	81	5	0
IS	7248	90	90	0	0
IS	7249	106	106	0	0
IS	7250	91	91	0	0
IS	7251	98	98	0	0
IS	7252	103	103	0	0
IS	7253	121	121	0	0
IS	7254	114	114	0	0
IS	7255	87	87	0	0
IS	7256	97	97	0	0
IS	7257	90	89	1	0
IS	7258	70	70	0	0
IS	7259	113	113	0	0
IS	7260	105	105	0	0
IS	7261	78	78	0	0
IS	7262	94	94	0	0
IS	7263	122	122	0	0
IS	7264	108	108	0	0
IS	7265	73	73	0	0
IS	7266	84	84	0	0
IS	7267	104	104	0	0
IS	7268	96	96	0	0
IS	7269	96	96	0	0
IS	7270	106	106	0	0
IS	7271	91	91	0	0
IS	7272	91	91	0	0
IS	7273	83	83	0	0
IS	7274	88	88	0	0
IS	7275	85	83	2	0
IS	7276	88	88	0	0
IS	7277	110	109	1	0
IS	7278	103	102	1	0
IS	7279	93	93	0	0
IS	7280	105	105	0	0
IS	7281	82	82	0	0
IS	7282	61	61	0	0
IS	7283	83	83	0	0
IS	7284	79	79	0	0
IS	7285	103	103	0	0
IS	7286	112	112	0	0
IS	7287	86	86	0	0
IS	7288	100	100	0	0
IS	7289	88	88	0	0
IS	7290	115	115	0	0
IS	7291	91	91	0	0
IS	7292	116	116	0	0
IS	7293	95	95	0	0
IS	7294	81	81	0	0
IS	7295	95	95	0	0
IS	7296	100	100	0	0
IS	7297	91	91	0	0
IS	7298	93	93	0	0
IS	7299	77	77	0	0
IS	7300	90	90	0	0
IS	7301	102	102	0	0
IS	7302	83	82	1	0
IS	7303	80	77	3	0
IS	7304	75	74	1	0
IS	7305	72	72	0	0
IS	7306	75	75	0	0
IS	7307	91	88	3	0
IS	7308	58	58	0	0
IS	7309	55	55	0	0
IS	7310	106	106	0	0
IS	7311	75	75	0	0
IS	7312	80	80	0	0
IS	7313	75	75	0	0
IS	7314	77	77	0	0
IS	7315	85	85	0	0
IS	7316	85	85	0	0
IS	7317	114	113	1	0
IS	7318	88	87	1	0
IS	7319	110	109	1	0
IS	7320	93	92	1	0
IS	7321	95	95	0	0
IS	7322	71	71	0	0
IS	7323	76	76	0	0
IS	7324	112	112	0	0
IS	7325	126	126	0	0
IS	7326	106	105	1	0
IS	7327	118	116	2	0
IS	7328	94	94	0	0
IS	7329	84	84	0	0
IS	7330	91	91	0	0
IS	7331	82	82	0	0
IS	7332	74	74	0	0
IS	7333	72	70	2	0
IS	7334	85	84	1	0
IS	7335	94	93	1	0
IS	7336	76	75	1	0
IS	7337	85	85	0	0
IS	7338	91	91	0	0
IS	7339	125	124	1	0
IS	7340	83	83	0	0
IS	7341	110	110	0	0
IS	7342	93	92	1	0
IS	7343	93	93	0	0
IS	7344	89	89	0	0
IS	7345	93	93	0	0
IS	7346	114	113	1	0
IS	7347	107	107	0	0
IS	7348	88	88	0	0
IS	7349	67	67	0	0
IS	7350	101	101	0	0
IS	7351	86	85	1	0
IS	7352	105	105	0	0
IS	7353	109	109	0	0
IS	7354	139	138	1	0
IS	7355	83	83	0	0
IS	7356	94	94	0	0
IS	7357	97	96	1	0
IS	7358	96	96	0	0
IS	7359	82	81	1	0
IS	7360	96	96	0	0
IS	7361	98	98	0	0
IS	7362	90	90	0	0
IS	7363	74	74	0	0
IS	7364	82	81	1	0
IS	7365	91	91	0	0
IS	7366	81	81	0	0
IS	7367	87	86	1	0
IS	7368	112	111	1	0
IS	7369	96	95	1	0
IS	7370	91	91	0	0
IS	7371	100	99	1	0
IS	7372	84	83	1	0
IS	7373	71	71	0	0
IS	7374	110	109	1	0
IS	7375	97	96	1	0
IS	7376	82	82	0	0
IS	7377	82	81	1	0
IS	7378	85	85	0	0
IS	7379	93	93	0	0
IS	7380	110	110	0	0
IS	7381	107	106	1	0
IS	7382	95	95	0	0
IS	7383	74	74	0	0
IS	7384	95	95	0	0
IS	7385	73	73	0	0
IS	7386	119	118	1	0
IS	7387	102	102	0	0
IS	7388	92	92	0	0
IS	7389	135	135	0	0
IS	7390	83	82	1	0
IS	7391	106	106	0	0
IS	7392	88	88	0	0
IS	7393	121	121	0	0
IS	7394	110	110	0	0
IS	7395	97	96	1	0
IS	7396	76	76	0	0
IS	7397	100	100	0	0
IS	7398	75	72	3	0
IS	7399	100	100	0	0
IS	7400	87	87	0	0
IS	7401	78	78	0	0
IS	7402	102	101	1	0
IS	7403	103	103	0	0
IS	7404	86	86	0	0
IS	7405	104	102	2	0
IS	7406	98	98	0	0
IS	7407	108	107	1	0
IS	7408	84	84	0	0
IS	7409	106	105	1	0
IS	7410	94	94	0	0
IS	7411	105	104	1	0
IS	7412	106	106	0	0
IS	7413	103	103	0	0
IS	7414	81	80	1	0
IS	7415	99	99	0	0
IS	7416	86	86	0	0
IS	7417	100	100	0	0
IS	7418	94	94	0	0
IS	7419	95	95	0	0
IS	7420	84	84	0	0
IS	7421	84	83	1	0
IS	7422	69	69	0	0
IS	7423	84	81	3	0
IS	7424	91	91	0	0
IS	7425	103	103	0	0
IS	7426	104	104	0	0
IS	7427	69	69	0	0
IS	7428	83	83	0	0
IS	7429	108	108	0	0
IS	7430	101	100	1	0
IS	7431	83	82	1	0
IS	7432	94	93	1	0
IS	7433	106	106	0	0
IS	7434	97	97	0	0
IS	7435	114	114	0	0
IS	7436	95	94	1	0
IS	7437	93	92	1	0
IS	7438	108	107	1	0
IS	7439	87	87	0	0
IS	7440	91	91	0	0
IS	7441	95	95	0	0
IS	7442	94	94	0	0
IS	7443	98	98	0	0
IS	7444	84	83	1	0
IS	7445	89	89	0	0
IS	7446	73	72	1	0
IS	7447	97	97	0	0
IS	7448	76	76	0	0
IS	7449	81	80	1	0
IS	7450	78	77	1	0
IS	7451	101	99	2	0
IS	7452	111	111	0	0
IS	7453	86	86	0	0
IS	7454	106	106	0	0
IS	7455	101	101	0	0
IS	7456	91	91	0	0
IS	7457	100	100	0	0
IS	7458	107	106	1	0
IS	7459	92	88	4	0
IS	7460	70	70	0	0
IS	7461	89	88	1	0
IS	7462	99	99	0	0
IS	7463	102	102	0	0
IS	7464	80	79	1	0
IS	7465	91	91	0	0
IS	7466	89	88	1	0
IS	7467	106	106	0	0
IS	7468	96	96	0	0
IS	7469	70	69	1	0
IS	7470	90	90	0	0
IS	7471	95	95	0	0
IS	7472	89	88	1	0
IS	7473	119	119	0	0
IS	7474	96	96	0	0
IS	7475	116	114	2	0
IS	7476	96	96	0	0
IS	7477	104	104	0	0
IS	7478	96	96	0	0
IS	7479	93	93	0	0
IS	7480	80	80	0	0
IS	7481	100	100	0	0
IS	7482	111	109	2	0
IS	7483	102	102	0	0
IS	7484	102	101	1	0
IS	7485	85	85	0	0
IS	7486	79	78	1	0
IS	7487	65	65	0	0
IS	7488	83	83	0	0
IS	7489	96	96	0	0
IS	7490	110	109	1	0
IS	7491	108	108	0	0
IS	7492	81	80	1	0
IS	7493	61	61	0	0
IS	7494	96	95	1	0
IS	7495	111	111	0	0
IS	7496	114	114	0	0
IS	7497	84	84	0	0
IS	7498	100	100	0	0
IS	7499	74	74	0	0
IS	7500	111	111	0	0
IS	7501	85	85	0	0
IS	7502	121	121	0	0
IS	7503	110	110	0	0
IS	7504	94	93	1	0
IS	7505	97	96	1	0
IS	7506	94	94	0	0
IS	7507	84	84	0	0
IS	7508	103	103	0	0
IS	7509	75	75	0	0
IS	7510	79	79	0	0
IS	7511	93	93	0	0
IS	7512	87	84	3	0
IS	7513	97	96	1	0
IS	7514	92	92	0	0
IS	7515	89	89	0	0
IS	7516	83	83	0	0
IS	7517	87	87	0	0
IS	7518	88	88	0	0
IS	7519	93	92	1	0
IS	7520	79	79	0	0
IS	7521	98	98	0	0
IS	7522	71	71	0	0
IS	7523	71	71	0	0
IS	7524	63	63	0	0
IS	7525	95	94	1	0
IS	7526	102	100	2	0
IS	7527	102	102	0	0
IS	7528	113	113	0	0
IS	7529	63	61	2	0
IS	7530	68	67	1	0
IS	7531	75	75	0	0
IS	7532	78	78	0	0
IS	7533	95	94	1	0
IS	7534	96	96	0	0
IS	7535	93	92	1	0
IS	7536	98	97	1	0
IS	7537	77	77	0	0
IS	7538	108	108	0	0
IS	7539	103	103	0	0
IS	7540	111	111	0	0
IS	7541	97	97	0	0
IS	7542	110	110	0	0
IS	7543	111	111	0	0
IS	7544	102	101	1	0
IS	7545	78	77	1	0
IS	7546	98	98	0	0
IS	7547	72	72	0	0
IS	7548	90	90	0	0
IS	7549	104	104	0	0
IS	7550	103	101	2	0
IS	7551	118	117	1	0
IS	7552	108	107	1	0
IS	7553	79	79	0	0
IS	7554	78	78	0	0
IS	7555	91	91	0	0
IS	7556	91	91	0	0
IS	7557	87	87	0	0
IS	7558	102	102	0	0
IS	7559	82	82	0	0
IS	7560	119	119	0	0
IS	7561	74	73	1	0
IS	7562	94	93	1	0
IS	7563	115	115	0	0
IS	7564	96	93	3	0
IS	7565	104	104	0	0
IS	7566	86	86	0	0
IS	7567	97	97	0	0
IS	7568	93	93	0	0
IS	7569	110	110	0	0
IS	7570	106	106	0	0
IS	7571	87	87	0	0
IS	7572	79	79	0	0
IS	7573	83	81	2	0
IS	7574	65	64	1	0
IS	7575	79	79	0	0
IS	7576	85	84	1	0
IS	7577	94	94	0	0
IS	7578	77	75	2	0
IS	7579	86	85	1	0
IS	7580	91	91	0	0
IS	7581	95	95	0	0
IS	7582	79	78	1	0
IS	7583	76	76	0	0
IS	7584	67	67	0	0
IS	7585	90	90	0	0
IS	7586	75	74	1	0
IS	7587	88	88	0	0
IS	7588	86	86	0	0
IS	7589	70	70	0	0
IS	7590	76	76	0	0
IS	7591	75	75	0	0
IS	7592	91	91	0	0
IS	7593	85	85	0	0
IS	7594	69	69	0	0
IS	7595	96	96	0	0
IS	7596	101	101	0	0
IS	7597	83	83	0	0
IS	7598	68	68	0	0
IS	7599	110	110	0	0
IS	7600	82	82	0	0
IS	7601	79	79	0	0
IS	7602	101	101	0	0
IS	7603	114	114	0	0
IS	7604	59	59	0	0
IS	7605	84	84	0	0
IS	7606	106	106	0	0
IS	7607	88	88	0	0
IS	7608	80	80	0	0
IS	7609	109	109	0	0
IS	7610	85	83	2	0
IS	7611	68	68	0	0
IS	7612	56	56	0	0
IS	7613	93	93	0	0
IS	7614	92	92	0	0
IS	7615	88	88	0	0
IS	7616	78	78	0	0
IS	7617	89	89	0	0
IS	7618	101	101	0	0
IS	7619	96	96	0	0
IS	7620	64	64	0	0
IS	7621	77	77	0	0
IS	7622	82	82	0	0
IS	7623	116	116	0	0
IS	7624	68	68	0	0
IS	7625	79	79	0	0
IS	7626	66	66	0	0
IS	7627	64	64	0	0
IS	7628	96	96	0	0
IS	7629	67	67	0	0
IS	7630	82	82	0	0
IS	7631	78	78	0	0
IS	7632	68	68	0	0
IS	7633	85	85	0	0
IS	7634	96	96	0	0
IS	7635	84	84	0	0
IS	7636	97	97	0	0
IS	7637	90	90	0	0
IS	7638	114	114	0	0
IS	7639	104	104	0	0
IS	7640	68	68	0	0
IS	7641	91	91	0	0
IS	7642	88	88	0	0
IS	7643	72	72	0	0
IS	7644	79	79	0	0
IS	7645	92	91	1	0
IS	7646	100	97	3	0
IS	7647	97	97	0	0
IS	7648	91	91	0	0
IS	7649	84	84	0	0
IS	7650	83	83	0	0
IS	7651	68	68	0	0
IS	7652	97	97	0	0
IS	7653	83	83	0	0
IS	7654	84	84	0	0
IS	7655	91	91	0	0
IS	7656	84	84	0	0
IS	7657	68	68	0	0
IS	7658	64	64	0	0
IS	7659	93	93	0	0
IS	7660	80	80	0	0
IS	7661	63	63	0	0
IS	7662	79	79	0	0
IS	7663	75	74	1	0
IS	7664	58	58	0	0
IS	7665	80	80	0	0
IS	7666	72	72	0	0
IS	7667	60	60	0	0
IS	7668	79	79	0	0
IS	7669	61	61	0	0
IS	7670	87	87	0	0
IS	7671	87	86	1	0
IS	7672	90	90	0	0
IS	7673	58	57	1	0
IS	7674	69	67	2	0
IS	7675	89	89	0	0
IS	7676	75	75	0	0
IS	7677	60	60	0	0
IS	7678	82	82	0	0
IS	7679	78	78	0	0
IS	7680	80	79	1	0
IS	7681	91	90	1	0
IS	7682	108	107	1	0
IS	7683	74	74	0	0
IS	7684	80	80	0	0
IS	7685	82	80	2	0
IS	7686	73	73	0	0
IS	7687	64	64	0	0
IS	7688	87	86	1	0
IS	7689	67	67	0	0
IS	7690	49	49	0	0
IS	7691	65	65	0	0
IS	7692	88	88	0	0
IS	7693	67	66	1	0
IS	7694	52	52	0	0
IS	7695	109	109	0	0
IS	7696	72	71	1	0
IS	7697	87	87	0	0
IS	7698	73	73	0	0
IS	7699	80	80	0	0
IS	7700	85	85	0	0
IS	7701	81	81	0	0
IS	7702	90	90	0	0
IS	7703	54	54	0	0
IS	7704	85	85	0	0
IS	7705	71	70	1	0
IS	7706	101	101	0	0
IS	7707	83	83	0	0
IS	7708	60	60	0	0
IS	7709	68	68	0	0
IS	7710	78	78	0	0
IS	7711	89	88	1	0
IS	7712	99	99	0	0
IS	7713	78	78	0	0
IS	7714	109	109	0	0
IS	7715	78	77	1	0
IS	7716	71	71	0	0
IS	7717	92	92	0	0
IS	7718	70	70	0	0
IS	7719	85	85	0	0
IS	7720	107	106	1	0
IS	7721	86	85	1	0
IS	7722	63	63	0	0
IS	7723	88	88	0	0
IS	7724	98	98	0	0
IS	7725	67	67	0	0
IS	7726	72	72	0	0
IS	7727	67	65	2	0
IS	7728	90	90	0	0
IS	7729	77	77	0	0
IS	7730	117	116	1	0
IS	7731	83	82	1	0
IS	7732	96	95	1	0
IS	7733	88	88	0	0
IS	7734	88	88	0	0
IS	7735	118	118	0	0
IS	7736	85	85	0	0
IS	7737	83	83	0	0
IS	7738	100	100	0	0
IS	7739	81	81	0	0
IS	7740	81	81	0	0
IS	7741	91	91	0	0
IS	7742	91	89	2	0
IS	7743	79	78	1	0
IS	7744	87	87	0	0
IS	7745	78	78	0	0
IS	7746	69	67	2	0
IS	7747	89	88	1	0
IS	7748	87	87	0	0
IS	7749	83	83	0	0
IS	7750	83	83	0	0
IS	7751	87	87	0	0
IS	7752	89	89	0	0
IS	7753	87	87	0	0
IS	7754	86	86	0	0
IS	7755	83	83	0	0
IS	7756	75	75	0	0
IS	7757	82	82	0	0
IS	7758	98	98	0	0
IS	7759	76	76	0	0
IS	7760	99	99	0	0
IS	7761	88	87	1	0
IS	7762	100	100	0	0
IS	7763	75	75	0	0
IS	7764	80	80	0	0
IS	7765	72	72	0	0
IS	7766	78	76	2	0
IS	7767	55	55	0	0
IS	7768	81	81	0	0
IS	7769	62	62	0	0
IS	7770	90	90	0	0
IS	7771	90	90	0	0
IS	7772	98	97	1	0
IS	7773	85	84	1	0
IS	7774	100	99	1	0
IS	7775	99	99	0	0
IS	7776	79	79	0	0
IS	7777	78	78	0	0
IS	7778	75	73	2	0
IS	7779	85	84	1	0
IS	7780	80	79	1	0
IS	7781	101	101	0	0
IS	7782	114	113	1	0
IS	7783	83	82	1	0
IS	7784	96	96	0	0
IS	7785	82	82	0	0
IS	7786	77	77	0	0
IS	7787	79	79	0	0
IS	7788	81	79	2	0
IS	7789	95	95	0	0
IS	7790	78	77	1	0
IS	7791	108	108	0	0
IS	7792	87	87	0	0
IS	7793	85	85	0	0
IS	7794	79	79	0	0
IS	7795	84	84	0	0
IS	7796	57	57	0	0
IS	7797	77	77	0	0
IS	7798	91	90	1	0
IS	7799	94	93	1	0
IS	7800	94	94	0	0
IS	7801	100	100	0	0
IS	7802	87	82	5	0
IS	7803	96	94	2	0
IS	7804	65	64	1	0
IS	7805	97	97	0	0
IS	7806	88	88	0	0
IS	7807	97	97	0	0
IS	7808	98	98	0	0
IS	7809	117	117	0	0
IS	7810	87	87	0	0
IS	7811	96	96	0	0
IS	7812	84	82	2	0
IS	7813	88	87	1	0
IS	7814	92	92	0	0
IS	7815	98	98	0	0
IS	7816	95	91	4	0
IS	7817	101	101	0	0
IS	7818	98	97	1	0
IS	7819	99	99	0	0
IS	7820	99	99	0	0
IS	7821	104	104	0	0
IS	7822	82	82	0	0
IS	7823	77	77	0	0
IS	7824	89	89	0	0
IS	7825	76	76	0	0
IS	7826	110	110	0	0
IS	7827	73	73	0	0
IS	7828	83	83	0	0
IS	7829	100	99	1	0
IS	7830	88	88	0	0
IS	7831	89	89	0	0
IS	7832	89	89	0	0
IS	7833	81	80	1	0
IS	7834	66	64	2	0
IS	7835	84	84	0	0
IS	7836	89	89	0	0
IS	7837	91	90	1	0
IS	7838	66	66	0	0
IS	7839	104	103	1	0
IS	7840	84	84	0	0
IS	7841	95	95	0	0
IS	7842	95	95	0	0
IS	7843	91	91	0	0
IS	7844	75	75	0	0
IS	7845	92	92	0	0
IS	7846	83	83	0	0
IS	7847	88	87	1	0
IS	7848	81	81	0	0
IS	7849	98	98	0	0
IS	7850	88	88	0	0
IS	7851	101	101	0	0
IS	7852	83	83	0	0
IS	7853	88	88	0	0
IS	7854	111	111	0	0
IS	7855	102	102	0	0
IS	7856	63	63	0	0
IS	7857	82	82	0	0
IS	7858	70	70	0	0
IS	7859	91	91	0	0
IS	7860	117	116	1	0
IS	7861	91	91	0	0
IS	7862	114	114	0	0
IS	7863	75	75	0	0
IS	7864	89	87	2	0
IS	7865	68	68	0	0
IS	7866	88	88	0	0
IS	7867	97	97	0	0
IS	7868	99	99	0	0
IS	7869	98	98	0	0
IS	7870	101	101	0	0
IS	7871	83	83	0	0
IS	7872	110	109	1	0
IS	7873	128	128	0	0
IS	7874	84	84	0	0
IS	7875	87	87	0	0
IS	7876	98	97	1	0
IS	7877	87	87	0	0
IS	7878	90	90	0	0
IS	7879	101	101	0	0
IS	7880	98	98	0	0
IS	7881	113	113	0	0
IS	7882	112	112	0	0
IS	7883	86	86	0	0
IS	7884	82	82	0	0
IS	7885	90	90	0	0
IS	7886	77	77	0	0
IS	7887	74	74	0	0
IS	7888	73	73	0	0
IS	7889	83	82	1	0
IS	7890	90	90	0	0
IS	7891	100	100	0	0
IS	7892	83	83	0	0
IS	7893	87	86	1	0
IS	7894	101	100	1	0
IS	7895	98	98	0	0
IS	7896	94	94	0	0
IS	7897	109	109	0	0
IS	7898	91	89	2	0
IS	7899	80	79	1	0
IS	7900	97	97	0	0
IS	7901	86	86	0	0
IS	7902	91	91	0	0
IS	7903	64	64	0	0
IS	7904	88	88	0	0
IS	7905	109	108	1	0
IS	7906	94	94	0	0
IS	7907	82	82	0	0
IS	7908	89	89	0	0
IS	7909	78	77	1	0
IS	7910	81	80	1	0
IS	7911	82	82	0	0
IS	7912	97	96	1	0
IS	7913	101	100	1	0
IS	7914	84	84	0	0
IS	7915	106	105	1	0
IS	7916	114	114	0	0
IS	7917	93	92	1	0
IS	7918	76	76	0	0
IS	7919	70	70	0	0
IS	7920	80	80	0	0
IS	7921	88	87	1	0
IS	7922	75	73	2	0
IS	7923	114	113	1	0
IS	7924	89	89	0	0
IS	7925	83	83	0	0
IS	7926	90	90	0	0
IS	7927	97	97	0	0
IS	7928	93	93	0	0
IS	7929	74	74	0	0
IS	7930	62	62	0	0
IS	7931	79	79	0	0
IS	7932	96	95	1	0
IS	7933	77	77	0	0
IS	7934	78	77	1	0
IS	7935	96	95	1	0
IS	7936	75	74	1	0
IS	7937	86	85	1	0
IS	7938	86	85	1	0
IS	7939	84	84	0	0
IS	7940	79	79	0	0
IS	7941	92	91	1	0
IS	7942	83	82	1	0
IS	7943	98	98	0	0
IS	7944	73	72	1	0
IS	7945	81	79	2	0
IS	7946	93	93	0	0
IS	7947	82	82	0	0
IS	7948	60	59	1	0
IS	7949	71	71	0	0
IS	7950	78	77	1	0
IS	7951	107	107	0	0
IS	7952	80	80	0	0
IS	7953	59	59	0	0
IS	7954	73	73	0	0
IS	7955	87	87	0	0
IS	7956	66	66	0	0
IS	7957	84	84	0	0
IS	7958	65	65	0	0
IS	7959	77	77	0	0
IS	7960	57	57	0	0
IS	7961	67	67	0	0
IS	7962	91	91	0	0
IS	7963	85	85	0	0
IS	7964	69	69	0	0
IS	7965	88	88	0	0
IS	7966	87	87	0	0
IS	7967	87	87	0	0
IS	7968	92	92	0	0
IS	7969	70	70	0	0
IS	7970	78	78	0	0
IS	7971	69	69	0	0
IS	7972	68	68	0	0
IS	7973	85	84	1	0
IS	7974	69	69	0	0
IS	7975	76	76	0	0
IS	7976	80	80	0	0
IS	7977	87	87	0	0
IS	7978	71	70	1	0
IS	7979	74	74	0	0
IS	7980	62	62	0	0
IS	7981	97	97	0	0
IS	7982	64	64	0	0
IS	7983	65	64	1	0
IS	7984	49	49	0	0
IS	7985	94	93	1	0
IS	7986	85	85	0	0
IS	7987	83	83	0	0
IS	7988	77	77	0	0
IS	7989	70	70	0	0
IS	7990	84	84	0	0
IS	7991	85	85	0	0
IS	7992	70	70	0	0
IS	7993	86	86	0	0
IS	7994	91	91	0	0
IS	7995	78	78	0	0
IS	7996	72	71	1	0
IS	7997	72	72	0	0
IS	7998	86	86	0	0
IS	7999	73	73	0	0
IS	8000	626717	624197	2520	0
# Read lengths. Use `grep ^RL | cut -f 2-` to extract this part. The columns are: read length, count
RL	35	754
RL	36	800
RL	37	720
RL	38	601
RL	39	716
RL	40	784
RL	41	732
RL	42	772
RL	43	702
RL	44	676
RL	45	730
RL	46	756
RL	47	842
RL	48	898
RL	49	844
RL	50	998
RL	51	1049
RL	52	1236
RL	53	1167
RL	54	1274
RL	55	1364
RL	56	1434
RL	57	1732
RL	58	1927
RL	59	2258
RL	60	2325
RL	61	2694
RL	62	3086
RL	63	3260
RL	64	3210
RL	65	3661
RL	66	3853
RL	67	4136
RL	68	4580
RL	69	5481
RL	70	6035
RL	71	6400
RL	72	7206
RL	73	7897
RL	74	8306
RL	75	8976
RL	76	8994
RL	77	9892
RL	78	10159
RL	79	11388
RL	80	12538
RL	81	13538
RL	82	14590
RL	83	15547
RL	84	16501
RL	85	17166
RL	86	17809
RL	87	18479
RL	88	20085
RL	89	21328
RL	90	26710
RL	91	23367
RL	92	27112
RL	93	51494
RL	94	25904
RL	95	26478
RL	96	27238
RL	97	27570
RL	98	22509381
# Read lengths - first fragments. Use `grep ^FRL | cut -f 2-` to extract this part. The columns are: read length, count
FRL	35	377
FRL	36	400
FRL	37	359
FRL	38	301
FRL	39	358
FRL	40	392
FRL	41	366
FRL	42	386
FRL	43	351
FRL	44	338
FRL	45	365
FRL	46	378
FRL	47	421
FRL	48	449
FRL	49	422
FRL	50	499
FRL	51	524
FRL	52	618
FRL	53	584
FRL	54	637
FRL	55	682
FRL	56	717
FRL	57	866
FRL	58	963
FRL	59	1129
FRL	60	1163
FRL	61	1347
FRL	62	1543
FRL	63	1630
FRL	64	1605
FRL	65	1830
FRL	66	1926
FRL	67	2068
FRL	68	2290
FRL	69	2741
FRL	70	3017
FRL	71	3200
FRL	72	3601
FRL	73	3948
FRL	74	4153
FRL	75	4487
FRL	76	4499
FRL	77	4943
FRL	78	5082
FRL	79	5693
FRL	80	6269
FRL	81	6768
FRL	82	7296
FRL	83	7770
FRL	84	8235
FRL	85	8560
FRL	86	8882
FRL	87	9199
FRL	88	9822
FRL	89	10813
FRL	90	13716
FRL	91	11766
FRL	92	13959
FRL	93	27576
FRL	94	12952
FRL	95	13239
FRL	96	13619
FRL	97	13785
FRL	98	11252196
# Read lengths - last fragments. Use `grep ^LRL | cut -f 2-` to extract this part. The columns are: read length, count
LRL	35	377
LRL	36	400
LRL	37	361
LRL	38	300
LRL	39	358
LRL	40	392
LRL	41	366
LRL	42	386
LRL	43	351
LRL	44	338
LRL	45	365
LRL	46	378
LRL	47	421
LRL	48	449
LRL	49	422
LRL	50	499
LRL	51	525
LRL	52	618
LRL	53	583
LRL	54	637
LRL	55	682
LRL	56	717
LRL	57	866
LRL	58	964
LRL	59	1129
LRL	60	1162
LRL	61	1347
LRL	62	1543
LRL	63	1630
LRL	64	1605
LRL	65	1831
LRL	66	1927
LRL	67	2068
LRL	68	2290
LRL	69	2740
LRL	70	3018
LRL	71	3200
LRL	72	3605
LRL	73	3949
LRL	74	4153
LRL	75	4489
LRL	76	4495
LRL	77	4949
LRL	78	5077
LRL	79	5695
LRL	80	6269
LRL	81	6770
LRL	82	7294
LRL	83	7777
LRL	84	8266
LRL	85	8606
LRL	86	8927
LRL	87	9280
LRL	88	10263
LRL	89	10515
LRL	90	12994
LRL	91	11601
LRL	92	13153
LRL	93	23918
LRL	94	12952
LRL	95	13239
LRL	96	13619
LRL	97	13785
LRL	98	11257185
# Indel distribution. Use `grep ^ID | cut -f 2-` to extract this part. The columns are: length, number of insertions, number of deletions
ID	1	225133	326581
ID	2	89931	135171
ID	3	34902	47228
ID	4	24280	31026
ID	5	11518	13844
ID	6	11904	17496
ID	7	4363	6592
ID	8	5920	7952
ID	9	3442	5319
ID	10	2730	3978
ID	11	1270	1959
ID	12	1186	3250
ID	13	449	1176
ID	14	263	1050
ID	15	146	522
ID	16	43	592
ID	17	19	272
ID	18	3	135
ID	19	0	97
ID	20	0	75
# Indels per cycle. Use `grep ^IC | cut -f 2-` to extract this part. The columns are: cycle, number of insertions (fwd), .. (rev) , number of deletions (fwd), .. (rev)
IC	3	0	0	0	2
IC	4	0	0	1	1
IC	5	0	0	5	20
IC	6	0	0	18	23
IC	7	0	2	115	163
IC	8	24	37	279	449
IC	9	218	179	827	1181
IC	10	754	700	1252	1287
IC	11	1050	1106	1567	1650
IC	12	1059	1021	1803	1864
IC	13	1018	992	2008	2038
IC	14	1026	1047	2227	2290
IC	15	1132	1049	2424	2483
IC	16	1255	1237	2753	2946
IC	17	1364	1701	2837	3048
IC	18	1524	1947	3047	3151
IC	19	1942	2016	3118	3419
IC	20	2116	2215	3166	3594
IC	21	2248	2533	3328	3714
IC	22	2391	2455	3381	3750
IC	23	2566	2527	3476	4015
IC	24	2594	2708	3692	4115
IC	25	2715	2874	3763	4118
IC	26	2772	3048	3847	4185
IC	27	2770	2975	3909	4176
IC	28	2944	3057	3995	4201
IC	29	3052	3067	4149	4199
IC	30	3128	3294	4216	4196
IC	31	3418	3289	4309	4331
IC	32	3288	3346	4245	4668
IC	33	3323	3332	4132	4573
IC	34	3135	3501	4343	4912
IC	35	3245	3588	4331	4593
IC	36	3315	3261	4418	4615
IC	37	3582	3507	4331	4587
IC	38	3449	3460	4516	4766
IC	39	3443	3484	4347	4684
IC	40	3417	3619	4758	4966
IC	41	3355	3534	4745	4734
IC	42	3291	3431	4650	4622
IC	43	3441	3829	4551	4984
IC	44	3445	3506	4594	4758
IC	45	3258	3367	4495	4962
IC	46	3235	3501	4652	4869
IC	47	3466	3404	4516	4914
IC	48	3523	3513	4586	4897
IC	49	4037	3707	4494	4763
IC	50	4768	4720	4580	4825
IC	51	3293	3595	4511	4932
IC	52	3252	3450	4305	4867
IC	53	3329	3362	4596	4686
IC	54	3407	3511	4723	4679
IC	55	3376	3491	4450	4741
IC	56	3396	3269	4666	4563
IC	57	3318	3108	4397	4561
IC	58	3276	3403	4413	4473
IC	59	3177	3464	4448	4581
IC	60	3206	3410	4333	4526
IC	61	3125	3459	4377	4624
IC	62	3146	3319	4435	4356
IC	63	3188	3169	4308	4604
IC	64	3291	3088	4408	4406
IC	65	3041	2996	4359	4507
IC	66	2991	2911	4189	4481
IC	67	2994	2999	4179	4188
IC	68	2933	3185	4227	4247
IC	69	2821	3470	4134	4040
IC	70	2856	2706	4078	3966
IC	71	2671	2974	4062	4049
IC	72	2573	2695	3793	3862
IC	73	2478	2619	3850	3833
IC	74	2316	2556	3799	3820
IC	75	2264	2356	3533	3985
IC	76	2285	2520	3445	3446
IC	77	2193	2072	3317	3375
IC	78	1884	2024	3168	3212
IC	79	1757	1853	3167	3051
IC	80	1480	1647	2785	2994
IC	81	1413	1556	2672	2862
IC	82	1213	1221	2600	2696
IC	83	1012	1016	2416	2419
IC	84	902	933	2214	2215
IC	85	924	949	2131	2020
IC	86	955	933	1961	1946
IC	87	1116	860	1717	1565
IC	88	775	801	1303	1268
IC	89	365	491	612	591
IC	90	143	119	290	214
IC	91	12	11	124	97
IC	92	1	1	62	67
IC	93	0	0	20	17
IC	94	0	0	6	3
# Coverage distribution. Use `grep ^COV | cut -f 2-` to extract this part.
COV	[1-1]	1	68918476
COV	[2-2]	2	39570744
COV	[3-3]	3	17987008
COV	[4-4]	4	11457696
COV	[5-5]	5	7000979
COV	[6-6]	6	5216420
COV	[7-7]	7	3941768
COV	[8-8]	8	3236342
COV	[9-9]	9	2702273
COV	[10-10]	10	2336440
COV	[11-11]	11	2049763
COV	[12-12]	12	1818803
COV	[13-13]	13	1655184
COV	[14-14]	14	1512000
COV	[15-15]	15	1382757
COV	[16-16]	16	1267973
COV	[17-17]	17	1166860
COV	[18-18]	18	1091133
COV	[19-19]	19	1008820
COV	[20-20]	20	937966
COV	[21-21]	21	881911
COV	[22-22]	22	822909
COV	[23-23]	23	775054
COV	[24-24]	24	727632
COV	[25-25]	25	683909
COV	[26-26]	26	643738
COV	[27-27]	27	608894
COV	[28-28]	28	578184
COV	[29-29]	29	545043
COV	[30-30]	30	518026
COV	[31-31]	31	495204
COV	[32-32]	32	465788
COV	[33-33]	33	444606
COV	[34-34]	34	420219
COV	[35-35]	35	399867
COV	[36-36]	36	380023
COV	[37-37]	37	362537
COV	[38-38]	38	343853
COV	[39-39]	39	329546
COV	[40-40]	40	315361
COV	[41-41]	41	302557
COV	[42-42]	42	288819
COV	[43-43]	43	275361
COV	[44-44]	44	264970
COV	[45-45]	45	252120
COV	[46-46]	46	241685
COV	[47-47]	47	231619
COV	[48-48]	48	223781
COV	[49-49]	49	211224
COV	[50-50]	50	203479
COV	[51-51]	51	196771
COV	[52-52]	52	188410
COV	[53-53]	53	182211
COV	[54-54]	54	175866
COV	[55-55]	55	169281
COV	[56-56]	56	163507
COV	[57-57]	57	159083
COV	[58-58]	58	152998
COV	[59-59]	59	147369
COV	[60-60]	60	140644
COV	[61-61]	61	135834
COV	[62-62]	62	131431
COV	[63-63]	63	127748
COV	[64-64]	64	123773
COV	[65-65]	65	119601
COV	[66-66]	66	114576
COV	[67-67]	67	112683
COV	[68-68]	68	107225
COV	[69-69]	69	103646
COV	[70-70]	70	101569
COV	[71-71]	71	97100
COV	[72-72]	72	95727
COV	[73-73]	73	92170
COV	[74-74]	74	89335
COV	[75-75]	75	86565
COV	[76-76]	76	84135
COV	[77-77]	77	81983
COV	[78-78]	78	79287
COV	[79-79]	79	78253
COV	[80-80]	80	75416
COV	[81-81]	81	73494
COV	[82-82]	82	70861
COV	[83-83]	83	68829
COV	[84-84]	84	66654
COV	[85-85]	85	64823
COV	[86-86]	86	63406
COV	[87-87]	87	61306
COV	[88-88]	88	60372
COV	[89-89]	89	57587
COV	[90-90]	90	56580
COV	[91-91]	91	55713
COV	[92-92]	92	53401
COV	[93-93]	93	52613
COV	[94-94]	94	51406
COV	[95-95]	95	50368
COV	[96-96]	96	48579
COV	[97-97]	97	48015
COV	[98-98]	98	46130
COV	[99-99]	99	45192
COV	[100-100]	100	43810
COV	[101-101]	101	43339
COV	[102-102]	102	41860
COV	[103-103]	103	40805
COV	[104-104]	104	40359
COV	[105-105]	105	38853
COV	[106-106]	106	38324
COV	[107-107]	107	37356
COV	[108-108]	108	36627
COV	[109-109]	109	36153
COV	[110-110]	110	34692
COV	[111-111]	111	33871
COV	[112-112]	112	33417
COV	[113-113]	113	32562
COV	[114-114]	114	31669
COV	[115-115]	115	31444
COV	[116-116]	116	30810
COV	[117-117]	117	29619
COV	[118-118]	118	29458
COV	[119-119]	119	28549
COV	[120-120]	120	27821
COV	[121-121]	121	27368
COV	[122-122]	122	26703
COV	[123-123]	123	26667
COV	[124-124]	124	25830
COV	[125-125]	125	25446
COV	[126-126]	126	25591
COV	[127-127]	127	24517
COV	[128-128]	128	24255
COV	[129-129]	129	23581
COV	[130-130]	130	23370
COV	[131-131]	131	23011
COV	[132-132]	132	22725
COV	[133-133]	133	22340
COV	[134-134]	134	21710
COV	[135-135]	135	21666
COV	[136-136]	136	21314
COV	[137-137]	137	20925
COV	[138-138]	138	20910
COV	[139-139]	139	20497
COV	[140-140]	140	20070
COV	[141-141]	141	19898
COV	[142-142]	142	19467
COV	[143-143]	143	18868
COV	[144-144]	144	18582
COV	[145-145]	145	18058
COV	[146-146]	146	17682
COV	[147-147]	147	17372
COV	[148-148]	148	17004
COV	[149-149]	149	16791
COV	[150-150]	150	16725
COV	[151-151]	151	16344
COV	[152-152]	152	15924
COV	[153-153]	153	15745
COV	[154-154]	154	15449
COV	[155-155]	155	15149
COV	[156-156]	156	14852
COV	[157-157]	157	14778
COV	[158-158]	158	14415
COV	[159-159]	159	14442
COV	[160-160]	160	14113
COV	[161-161]	161	13984
COV	[162-162]	162	13799
COV	[163-163]	163	13662
COV	[164-164]	164	13324
COV	[165-165]	165	12878
COV	[166-166]	166	12922
COV	[167-167]	167	12749
COV	[168-168]	168	12745
COV	[169-169]	169	12466
COV	[170-170]	170	12218
COV	[171-171]	171	12022
COV	[172-172]	172	11953
COV	[173-173]	173	11679
COV	[174-174]	174	11751
COV	[175-175]	175	11137
COV	[176-176]	176	11472
COV	[177-177]	177	11034
COV	[178-178]	178	10960
COV	[179-179]	179	10702
COV	[180-180]	180	10791
COV	[181-181]	181	10605
COV	[182-182]	182	10518
COV	[183-183]	183	9909
COV	[184-184]	184	10044
COV	[185-185]	185	9937
COV	[186-186]	186	9793
COV	[187-187]	187	9554
COV	[188-188]	188	9198
COV	[189-189]	189	9116
COV	[190-190]	190	9225
COV	[191-191]	191	8931
COV	[192-192]	192	8657
COV	[193-193]	193	8900
COV	[194-194]	194	8617
COV	[195-195]	195	8461
COV	[196-196]	196	8210
COV	[197-197]	197	8339
COV	[198-198]	198	8159
COV	[199-199]	199	8132
COV	[200-200]	200	8019
COV	[201-201]	201	7824
COV	[202-202]	202	7918
COV	[203-203]	203	7671
COV	[204-204]	204	7623
COV	[205-205]	205	7651
COV	[206-206]	206	7557
COV	[207-207]	207	7629
COV	[208-208]	208	7283
COV	[209-209]	209	7254
COV	[210-210]	210	7088
COV	[211-211]	211	7221
COV	[212-212]	212	7057
COV	[213-213]	213	6948
COV	[214-214]	214	6858
COV	[215-215]	215	6700
COV	[216-216]	216	6751
COV	[217-217]	217	6416
COV	[218-218]	218	6390
COV	[219-219]	219	6154
COV	[220-220]	220	6520
COV	[221-221]	221	6177
COV	[222-222]	222	6188
COV	[223-223]	223	6102
COV	[224-224]	224	6159
COV	[225-225]	225	5989
COV	[226-226]	226	5933
COV	[227-227]	227	5788
COV	[228-228]	228	5779
COV	[229-229]	229	5620
COV	[230-230]	230	5870
COV	[231-231]	231	5663
COV	[232-232]	232	5514
COV	[233-233]	233	5436
COV	[234-234]	234	5422
COV	[235-235]	235	5362
COV	[236-236]	236	5168
COV	[237-237]	237	5108
COV	[238-238]	238	5183
COV	[239-239]	239	5122
COV	[240-240]	240	4968
COV	[241-241]	241	4974
COV	[242-242]	242	4920
COV	[243-243]	243	5061
COV	[244-244]	244	4940
COV	[245-245]	245	4845
COV	[246-246]	246	4796
COV	[247-247]	247	4817
COV	[248-248]	248	4682
COV	[249-249]	249	4514
COV	[250-250]	250	4566
COV	[251-251]	251	4530
COV	[252-252]	252	4484
COV	[253-253]	253	4401
COV	[254-254]	254	4482
COV	[255-255]	255	4432
COV	[256-256]	256	4483
COV	[257-257]	257	4264
COV	[258-258]	258	4339
COV	[259-259]	259	4216
COV	[260-260]	260	4236
COV	[261-261]	261	4250
COV	[262-262]	262	4188
COV	[263-263]	263	4179
COV	[264-264]	264	4213
COV	[265-265]	265	4029
COV	[266-266]	266	4012
COV	[267-267]	267	4026
COV	[268-268]	268	3930
COV	[269-269]	269	3773
COV	[270-270]	270	3750
COV	[271-271]	271	3820
COV	[272-272]	272	3844
COV	[273-273]	273	3873
COV	[274-274]	274	3775
COV	[275-275]	275	3807
COV	[276-276]	276	3835
COV	[277-277]	277	3711
COV	[278-278]	278	3635
COV	[279-279]	279	3598
COV	[280-280]	280	3740
COV	[281-281]	281	3712
COV	[282-282]	282	3591
COV	[283-283]	283	3605
COV	[284-284]	284	3611
COV	[285-285]	285	3481
COV	[286-286]	286	3537
COV	[287-287]	287	3508
COV	[288-288]	288	3390
COV	[289-289]	289	3423
COV	[290-290]	290	3519
COV	[291-291]	291	3377
COV	[292-292]	292	3241
COV	[293-293]	293	3264
COV	[294-294]	294	3268
COV	[295-295]	295	3272
COV	[296-296]	296	3213
COV	[297-297]	297	3057
COV	[298-298]	298	3188
COV	[299-299]	299	3005
COV	[300-300]	300	2992
COV	[301-301]	301	2898
COV	[302-302]	302	2996
COV	[303-303]	303	2978
COV	[304-304]	304	2961
COV	[305-305]	305	2972
COV	[306-306]	306	2978
COV	[307-307]	307	3022
COV	[308-308]	308	2852
COV	[309-309]	309	2953
COV	[310-310]	310	2768
COV	[311-311]	311	2910
COV	[312-312]	312	2910
COV	[313-313]	313	2917
COV	[314-314]	314	2731
COV	[315-315]	315	2733
COV	[316-316]	316	2658
COV	[317-317]	317	2794
COV	[318-318]	318	2664
COV	[319-319]	319	2730
COV	[320-320]	320	2662
COV	[321-321]	321	2616
COV	[322-322]	322	2635
COV	[323-323]	323	2640
COV	[324-324]	324	2624
COV	[325-325]	325	2511
COV	[326-326]	326	2526
COV	[327-327]	327	2471
COV	[328-328]	328	2488
COV	[329-329]	329	2451
COV	[330-330]	330	2501
COV	[331-331]	331	2288
COV	[332-332]	332	2385
COV	[333-333]	333	2320
COV	[334-334]	334	2334
COV	[335-335]	335	2468
COV	[336-336]	336	2305
COV	[337-337]	337	2262
COV	[338-338]	338	2257
COV	[339-339]	339	2250
COV	[340-340]	340	2198
COV	[341-341]	341	2233
COV	[342-342]	342	2245
COV	[343-343]	343	2255
COV	[344-344]	344	2146
COV	[345-345]	345	2194
COV	[346-346]	346	2105
COV	[347-347]	347	2090
COV	[348-348]	348	2276
COV	[349-349]	349	2185
COV	[350-350]	350	2218
COV	[351-351]	351	2149
COV	[352-352]	352	2140
COV	[353-353]	353	2126
COV	[354-354]	354	2150
COV	[355-355]	355	2072
COV	[356-356]	356	2042
COV	[357-357]	357	2055
COV	[358-358]	358	2093
COV	[359-359]	359	2171
COV	[360-360]	360	1971
COV	[361-361]	361	2008
COV	[362-362]	362	2035
COV	[363-363]	363	2013
COV	[364-364]	364	1971
COV	[365-365]	365	2031
COV	[366-366]	366	1992
COV	[367-367]	367	1944
COV	[368-368]	368	1883
COV	[369-369]	369	1859
COV	[370-370]	370	1897
COV	[371-371]	371	1835
COV	[372-372]	372	1850
COV	[373-373]	373	1896
COV	[374-374]	374	1846
COV	[375-375]	375	1884
COV	[376-376]	376	1815
COV	[377-377]	377	1861
COV	[378-378]	378	1760
COV	[379-379]	379	1751
COV	[380-380]	380	1725
COV	[381-381]	381	1690
COV	[382-382]	382	1584
COV	[383-383]	383	1668
COV	[384-384]	384	1657
COV	[385-385]	385	1676
COV	[386-386]	386	1662
COV	[387-387]	387	1740
COV	[388-388]	388	1579
COV	[389-389]	389	1675
COV	[390-390]	390	1641
COV	[391-391]	391	1605
COV	[392-392]	392	1546
COV	[393-393]	393	1613
COV	[394-394]	394	1512
COV	[395-395]	395	1596
COV	[396-396]	396	1549
COV	[397-397]	397	1568
COV	[398-398]	398	1529
COV	[399-399]	399	1490
COV	[400-400]	400	1449
COV	[401-401]	401	1525
COV	[402-402]	402	1475
COV	[403-403]	403	1488
COV	[404-404]	404	1421
COV	[405-405]	405	1498
COV	[406-406]	406	1485
COV	[407-407]	407	1432
COV	[408-408]	408	1423
COV	[409-409]	409	1415
COV	[410-410]	410	1376
COV	[411-411]	411	1366
COV	[412-412]	412	1382
COV	[413-413]	413	1332
COV	[414-414]	414	1381
COV	[415-415]	415	1297
COV	[416-416]	416	1321
COV	[417-417]	417	1342
COV	[418-418]	418	1302
COV	[419-419]	419	1318
COV	[420-420]	420	1421
COV	[421-421]	421	1357
COV	[422-422]	422	1356
COV	[423-423]	423	1319
COV	[424-424]	424	1258
COV	[425-425]	425	1293
COV	[426-426]	426	1210
COV	[427-427]	427	1271
COV	[428-428]	428	1182
COV	[429-429]	429	1220
COV	[430-430]	430	1268
COV	[431-431]	431	1184
COV	[432-432]	432	1173
COV	[433-433]	433	1120
COV	[434-434]	434	1160
COV	[435-435]	435	1229
COV	[436-436]	436	1193
COV	[437-437]	437	1240
COV	[438-438]	438	1170
COV	[439-439]	439	1130
COV	[440-440]	440	1150
COV	[441-441]	441	1170
COV	[442-442]	442	1171
COV	[443-443]	443	1210
COV	[444-444]	444	1081
COV	[445-445]	445	1118
COV	[446-446]	446	1126
COV	[447-447]	447	1181
COV	[448-448]	448	1143
COV	[449-449]	449	1161
COV	[450-450]	450	1020
COV	[451-451]	451	1117
COV	[452-452]	452	1139
COV	[453-453]	453	1093
COV	[454-454]	454	1117
COV	[455-455]	455	1077
COV	[456-456]	456	1054
COV	[457-457]	457	1077
COV	[458-458]	458	1017
COV	[459-459]	459	1013
COV	[460-460]	460	1045
COV	[461-461]	461	1047
COV	[462-462]	462	1058
COV	[463-463]	463	1053
COV	[464-464]	464	1032
COV	[465-465]	465	1063
COV	[466-466]	466	1031
COV	[467-467]	467	1026
COV	[468-468]	468	999
COV	[469-469]	469	979
COV	[470-470]	470	980
COV	[471-471]	471	1053
COV	[472-472]	472	1011
COV	[473-473]	473	983
COV	[474-474]	474	1000
COV	[475-475]	475	1003
COV	[476-476]	476	983
COV	[477-477]	477	926
COV	[478-478]	478	931
COV	[479-479]	479	892
COV	[480-480]	480	852
COV	[481-481]	481	913
COV	[482-482]	482	908
COV	[483-483]	483	894
COV	[484-484]	484	874
COV	[485-485]	485	928
COV	[486-486]	486	928
COV	[487-487]	487	932
COV	[488-488]	488	880
COV	[489-489]	489	853
COV	[490-490]	490	883
COV	[491-491]	491	909
COV	[492-492]	492	824
COV	[493-493]	493	906
COV	[494-494]	494	850
COV	[495-495]	495	920
COV	[496-496]	496	889
COV	[497-497]	497	862
COV	[498-498]	498	912
COV	[499-499]	499	840
COV	[500-500]	500	889
COV	[501-501]	501	858
COV	[502-502]	502	850
COV	[503-503]	503	764
COV	[504-504]	504	812
COV	[505-505]	505	810
COV	[506-506]	506	802
COV	[507-507]	507	819
COV	[508-508]	508	875
COV	[509-509]	509	772
COV	[510-510]	510	809
COV	[511-511]	511	789
COV	[512-512]	512	820
COV	[513-513]	513	748
COV	[514-514]	514	815
COV	[515-515]	515	793
COV	[516-516]	516	754
COV	[517-517]	517	778
COV	[518-518]	518	803
COV	[519-519]	519	759
COV	[520-520]	520	771
COV	[521-521]	521	817
COV	[522-522]	522	748
COV	[523-523]	523	743
COV	[524-524]	524	750
COV	[525-525]	525	745
COV	[526-526]	526	753
COV	[527-527]	527	732
COV	[528-528]	528	714
COV	[529-529]	529	744
COV	[530-530]	530	747
COV	[531-531]	531	756
COV	[532-532]	532	707
COV	[533-533]	533	741
COV	[534-534]	534	683
COV	[535-535]	535	700
COV	[536-536]	536	688
COV	[537-537]	537	680
COV	[538-538]	538	678
COV	[539-539]	539	705
COV	[540-540]	540	697
COV	[541-541]	541	715
COV	[542-542]	542	700
COV	[543-543]	543	696
COV	[544-544]	544	640
COV	[545-545]	545	633
COV	[546-546]	546	648
COV	[547-547]	547	688
COV	[548-548]	548	636
COV	[549-549]	549	651
COV	[550-550]	550	645
COV	[551-551]	551	660
COV	[552-552]	552	635
COV	[553-553]	553	659
COV	[554-554]	554	702
COV	[555-555]	555	638
COV	[556-556]	556	591
COV	[557-557]	557	658
COV	[558-558]	558	644
COV	[559-559]	559	628
COV	[560-560]	560	621
COV	[561-561]	561	628
COV	[562-562]	562	617
COV	[563-563]	563	586
COV	[564-564]	564	643
COV	[565-565]	565	608
COV	[566-566]	566	599
COV	[567-567]	567	581
COV	[568-568]	568	582
COV	[569-569]	569	597
COV	[570-570]	570	571
COV	[571-571]	571	573
COV	[572-572]	572	614
COV	[573-573]	573	534
COV	[574-574]	574	610
COV	[575-575]	575	533
COV	[576-576]	576	596
COV	[577-577]	577	580
COV	[578-578]	578	598
COV	[579-579]	579	585
COV	[580-580]	580	552
COV	[581-581]	581	537
COV	[582-582]	582	512
COV	[583-583]	583	584
COV	[584-584]	584	548
COV	[585-585]	585	521
COV	[586-586]	586	523
COV	[587-587]	587	498
COV	[588-588]	588	515
COV	[589-589]	589	540
COV	[590-590]	590	525
COV	[591-591]	591	563
COV	[592-592]	592	577
COV	[593-593]	593	574
COV	[594-594]	594	546
COV	[595-595]	595	535
COV	[596-596]	596	556
COV	[597-597]	597	512
COV	[598-598]	598	548
COV	[599-599]	599	519
COV	[600-600]	600	522
COV	[601-601]	601	511
COV	[602-602]	602	507
COV	[603-603]	603	500
COV	[604-604]	604	504
COV	[605-605]	605	480
COV	[606-606]	606	486
COV	[607-607]	607	518
COV	[608-608]	608	503
COV	[609-609]	609	452
COV	[610-610]	610	484
COV	[611-611]	611	479
COV	[612-612]	612	534
COV	[613-613]	613	492
COV	[614-614]	614	474
COV	[615-615]	615	472
COV	[616-616]	616	499
COV	[617-617]	617	470
COV	[618-618]	618	472
COV	[619-619]	619	436
COV	[620-620]	620	457
COV	[621-621]	621	511
COV	[622-622]	622	447
COV	[623-623]	623	452
COV	[624-624]	624	466
COV	[625-625]	625	448
COV	[626-626]	626	486
COV	[627-627]	627	483
COV	[628-628]	628	513
COV	[629-629]	629	507
COV	[630-630]	630	522
COV	[631-631]	631	453
COV	[632-632]	632	483
COV	[633-633]	633	481
COV	[634-634]	634	519
COV	[635-635]	635	480
COV	[636-636]	636	469
COV	[637-637]	637	447
COV	[638-638]	638	446
COV	[639-639]	639	466
COV	[640-640]	640	490
COV	[641-641]	641	429
COV	[642-642]	642	498
COV	[643-643]	643	470
COV	[644-644]	644	486
COV	[645-645]	645	469
COV	[646-646]	646	473
COV	[647-647]	647	475
COV	[648-648]	648	464
COV	[649-649]	649	442
COV	[650-650]	650	460
COV	[651-651]	651	442
COV	[652-652]	652	444
COV	[653-653]	653	434
COV	[654-654]	654	443
COV	[655-655]	655	446
COV	[656-656]	656	428
COV	[657-657]	657	457
COV	[658-658]	658	436
COV	[659-659]	659	471
COV	[660-660]	660	450
COV	[661-661]	661	453
COV	[662-662]	662	452
COV	[663-663]	663	447
COV	[664-664]	664	487
COV	[665-665]	665	447
COV	[666-666]	666	416
COV	[667-667]	667	465
COV	[668-668]	668	416
COV	[669-669]	669	449
COV	[670-670]	670	420
COV	[671-671]	671	459
COV	[672-672]	672	402
COV	[673-673]	673	431
COV	[674-674]	674	441
COV	[675-675]	675	456
COV	[676-676]	676	448
COV	[677-677]	677	462
COV	[678-678]	678	428
COV	[679-679]	679	422
COV	[680-680]	680	397
COV	[681-681]	681	414
COV	[682-682]	682	444
COV	[683-683]	683	454
COV	[684-684]	684	429
COV	[685-685]	685	420
COV	[686-686]	686	414
COV	[687-687]	687	416
COV	[688-688]	688	412
COV	[689-689]	689	417
COV	[690-690]	690	413
COV	[691-691]	691	407
COV	[692-692]	692	397
COV	[693-693]	693	401
COV	[694-694]	694	397
COV	[695-695]	695	400
COV	[696-696]	696	417
COV	[697-697]	697	420
COV	[698-698]	698	410
COV	[699-699]	699	435
COV	[700-700]	700	375
COV	[701-701]	701	378
COV	[702-702]	702	377
COV	[703-703]	703	409
COV	[704-704]	704	404
COV	[705-705]	705	420
COV	[706-706]	706	411
COV	[707-707]	707	348
COV	[708-708]	708	402
COV	[709-709]	709	390
COV	[710-710]	710	385
COV	[711-711]	711	346
COV	[712-712]	712	437
COV	[713-713]	713	411
COV	[714-714]	714	383
COV	[715-715]	715	361
COV	[716-716]	716	366
COV	[717-717]	717	365
COV	[718-718]	718	367
COV	[719-719]	719	377
COV	[720-720]	720	389
COV	[721-721]	721	349
COV	[722-722]	722	355
COV	[723-723]	723	364
COV	[724-724]	724	360
COV	[725-725]	725	417
COV	[726-726]	726	368
COV	[727-727]	727	402
COV	[728-728]	728	409
COV	[729-729]	729	380
COV	[730-730]	730	344
COV	[731-731]	731	386
COV	[732-732]	732	341
COV	[733-733]	733	370
COV	[734-734]	734	365
COV	[735-735]	735	318
COV	[736-736]	736	299
COV	[737-737]	737	373
COV	[738-738]	738	357
COV	[739-739]	739	328
COV	[740-740]	740	335
COV	[741-741]	741	345
COV	[742-742]	742	358
COV	[743-743]	743	344
COV	[744-744]	744	322
COV	[745-745]	745	310
COV	[746-746]	746	320
COV	[747-747]	747	363
COV	[748-748]	748	335
COV	[749-749]	749	322
COV	[750-750]	750	341
COV	[751-751]	751	313
COV	[752-752]	752	301
COV	[753-753]	753	323
COV	[754-754]	754	324
COV	[755-755]	755	345
COV	[756-756]	756	377
COV	[757-757]	757	363
COV	[758-758]	758	335
COV	[759-759]	759	365
COV	[760-760]	760	286
COV	[761-761]	761	335
COV	[762-762]	762	321
COV	[763-763]	763	348
COV	[764-764]	764	345
COV	[765-765]	765	332
COV	[766-766]	766	335
COV	[767-767]	767	323
COV	[768-768]	768	294
COV	[769-769]	769	325
COV	[770-770]	770	287
COV	[771-771]	771	343
COV	[772-772]	772	292
COV	[773-773]	773	306
COV	[774-774]	774	332
COV	[775-775]	775	341
COV	[776-776]	776	316
COV	[777-777]	777	322
COV	[778-778]	778	300
COV	[779-779]	779	294
COV	[780-780]	780	317
COV	[781-781]	781	345
COV	[782-782]	782	338
COV	[783-783]	783	319
COV	[784-784]	784	320
COV	[785-785]	785	326
COV	[786-786]	786	294
COV	[787-787]	787	323
COV	[788-788]	788	313
COV	[789-789]	789	289
COV	[790-790]	790	305
COV	[791-791]	791	306
COV	[792-792]	792	274
COV	[793-793]	793	328
COV	[794-794]	794	298
COV	[795-795]	795	313
COV	[796-796]	796	301
COV	[797-797]	797	293
COV	[798-798]	798	270
COV	[799-799]	799	303
COV	[800-800]	800	294
COV	[801-801]	801	329
COV	[802-802]	802	277
COV	[803-803]	803	293
COV	[804-804]	804	289
COV	[805-805]	805	301
COV	[806-806]	806	303
COV	[807-807]	807	281
COV	[808-808]	808	281
COV	[809-809]	809	309
COV	[810-810]	810	274
COV	[811-811]	811	259
COV	[812-812]	812	329
COV	[813-813]	813	306
COV	[814-814]	814	277
COV	[815-815]	815	258
COV	[816-816]	816	270
COV	[817-817]	817	271
COV	[818-818]	818	260
COV	[819-819]	819	256
COV	[820-820]	820	212
COV	[821-821]	821	281
COV	[822-822]	822	277
COV	[823-823]	823	309
COV	[824-824]	824	249
COV	[825-825]	825	279
COV	[826-826]	826	269
COV	[827-827]	827	274
COV	[828-828]	828	251
COV	[829-829]	829	242
COV	[830-830]	830	253
COV	[831-831]	831	296
COV	[832-832]	832	286
COV	[833-833]	833	236
COV	[834-834]	834	256
COV	[835-835]	835	249
COV	[836-836]	836	260
COV	[837-837]	837	229
COV	[838-838]	838	246
COV	[839-839]	839	238
COV	[840-840]	840	231
COV	[841-841]	841	242
COV	[842-842]	842	220
COV	[843-843]	843	250
COV	[844-844]	844	227
COV	[845-845]	845	248
COV	[846-846]	846	219
COV	[847-847]	847	216
COV	[848-848]	848	229
COV	[849-849]	849	229
COV	[850-850]	850	224
COV	[851-851]	851	217
COV	[852-852]	852	205
COV	[853-853]	853	207
COV	[854-854]	854	213
COV	[855-855]	855	211
COV	[856-856]	856	230
COV	[857-857]	857	227
COV	[858-858]	858	251
COV	[859-859]	859	224
COV	[860-860]	860	223
COV	[861-861]	861	235
COV	[862-862]	862	228
COV	[863-863]	863	210
COV	[864-864]	864	232
COV	[865-865]	865	205
COV	[866-866]	866	210
COV	[867-867]	867	228
COV	[868-868]	868	210
COV	[869-869]	869	227
COV	[870-870]	870	220
COV	[871-871]	871	229
COV	[872-872]	872	201
COV	[873-873]	873	234
COV	[874-874]	874	232
COV	[875-875]	875	200
COV	[876-876]	876	217
COV	[877-877]	877	226
COV	[878-878]	878	187
COV	[879-879]	879	208
COV	[880-880]	880	205
COV	[881-881]	881	242
COV	[882-882]	882	218
COV	[883-883]	883	216
COV	[884-884]	884	222
COV	[885-885]	885	204
COV	[886-886]	886	187
COV	[887-887]	887	195
COV	[888-888]	888	208
COV	[889-889]	889	213
COV	[890-890]	890	220
COV	[891-891]	891	212
COV	[892-892]	892	175
COV	[893-893]	893	180
COV	[894-894]	894	183
COV	[895-895]	895	206
COV	[896-896]	896	200
COV	[897-897]	897	189
COV	[898-898]	898	181
COV	[899-899]	899	179
COV	[900-900]	900	181
COV	[901-901]	901	190
COV	[902-902]	902	183
COV	[903-903]	903	194
COV	[904-904]	904	205
COV	[905-905]	905	195
COV	[906-906]	906	189
COV	[907-907]	907	187
COV	[908-908]	908	197
COV	[909-909]	909	204
COV	[910-910]	910	185
COV	[911-911]	911	186
COV	[912-912]	912	167
COV	[913-913]	913	202
COV	[914-914]	914	206
COV	[915-915]	915	184
COV	[916-916]	916	186
COV	[917-917]	917	175
COV	[918-918]	918	199
COV	[919-919]	919	190
COV	[920-920]	920	181
COV	[921-921]	921	168
COV	[922-922]	922	214
COV	[923-923]	923	195
COV	[924-924]	924	196
COV	[925-925]	925	177
COV	[926-926]	926	193
COV	[927-927]	927	209
COV	[928-928]	928	204
COV	[929-929]	929	194
COV	[930-930]	930	169
COV	[931-931]	931	186
COV	[932-932]	932	169
COV	[933-933]	933	172
COV	[934-934]	934	169
COV	[935-935]	935	163
COV	[936-936]	936	177
COV	[937-937]	937	170
COV	[938-938]	938	166
COV	[939-939]	939	176
COV	[940-940]	940	172
COV	[941-941]	941	188
COV	[942-942]	942	165
COV	[943-943]	943	163
COV	[944-944]	944	169
COV	[945-945]	945	180
COV	[946-946]	946	176
COV	[947-947]	947	182
COV	[948-948]	948	148
COV	[949-949]	949	150
COV	[950-950]	950	160
COV	[951-951]	951	168
COV	[952-952]	952	164
COV	[953-953]	953	170
COV	[954-954]	954	174
COV	[955-955]	955	166
COV	[956-956]	956	160
COV	[957-957]	957	165
COV	[958-958]	958	154
COV	[959-959]	959	167
COV	[960-960]	960	177
COV	[961-961]	961	149
COV	[962-962]	962	164
COV	[963-963]	963	153
COV	[964-964]	964	163
COV	[965-965]	965	149
COV	[966-966]	966	171
COV	[967-967]	967	161
COV	[968-968]	968	148
COV	[969-969]	969	170
COV	[970-970]	970	147
COV	[971-971]	971	165
COV	[972-972]	972	148
COV	[973-973]	973	153
COV	[974-974]	974	176
COV	[975-975]	975	178
COV	[976-976]	976	160
COV	[977-977]	977	160
COV	[978-978]	978	148
COV	[979-979]	979	159
COV	[980-980]	980	152
COV	[981-981]	981	152
COV	[982-982]	982	142
COV	[983-983]	983	158
COV	[984-984]	984	143
COV	[985-985]	985	139
COV	[986-986]	986	160
COV	[987-987]	987	135
COV	[988-988]	988	147
COV	[989-989]	989	134
COV	[990-990]	990	152
COV	[991-991]	991	153
COV	[992-992]	992	140
COV	[993-993]	993	132
COV	[994-994]	994	126
COV	[995-995]	995	148
COV	[996-996]	996	146
COV	[997-997]	997	147
COV	[998-998]	998	173
COV	[999-999]	999	150
COV	[1000-1000]	1000	145
COV	[1000<]	1000	79728
# GC-depth. Use `grep ^GCD | cut -f 2-` to extract this part. The columns are: GC%, unique sequence percentiles, 10th, 25th, 50th, 75th and 90th depth percentile
GCD	0.0	0.003	0.000	0.000	0.000	0.000	0.000
GCD	2.8	0.005	0.019	0.019	0.019	0.019	0.019
GCD	14.0	0.007	0.010	0.010	0.010	0.010	0.010
GCD	15.0	0.008	0.010	0.010	0.010	0.010	0.010
GCD	16.0	0.011	0.010	0.010	0.015	0.019	0.019
GCD	19.0	0.013	0.078	0.078	0.078	0.078	0.078
GCD	20.0	0.015	0.019	0.019	0.019	0.019	0.019
GCD	21.0	0.018	0.010	0.010	0.073	0.136	0.136
GCD	22.0	0.024	0.010	0.012	0.024	0.051	0.058
GCD	23.0	0.049	0.010	0.010	0.034	0.058	0.096
GCD	24.0	0.091	0.010	0.019	0.044	0.080	0.123
GCD	25.0	0.163	0.015	0.039	0.078	0.124	0.184
GCD	26.0	0.292	0.019	0.039	0.068	0.126	0.272
GCD	27.0	0.549	0.024	0.049	0.097	0.165	0.263
GCD	28.0	0.973	0.034	0.069	0.112	0.184	0.324
GCD	29.0	1.657	0.044	0.087	0.146	0.233	0.330
GCD	30.0	2.900	0.044	0.080	0.146	0.243	0.358
GCD	31.0	4.921	0.058	0.107	0.184	0.286	0.422
GCD	32.0	7.820	0.068	0.126	0.204	0.310	0.437
GCD	33.0	11.874	0.078	0.136	0.213	0.325	0.461
GCD	34.0	16.973	0.078	0.136	0.223	0.340	0.490
GCD	35.0	22.471	0.082	0.141	0.223	0.354	0.534
GCD	36.0	28.408	0.078	0.141	0.233	0.378	0.631
GCD	37.0	34.155	0.078	0.136	0.233	0.403	0.994
GCD	38.0	39.825	0.078	0.136	0.252	0.483	1.550
GCD	39.0	45.273	0.086	0.146	0.286	0.720	2.941
GCD	40.0	50.513	0.087	0.155	0.344	0.980	3.652
GCD	41.0	55.753	0.087	0.170	0.427	1.421	4.637
GCD	42.0	60.841	0.087	0.204	0.529	1.666	4.970
GCD	43.0	65.837	0.087	0.223	0.650	2.132	5.785
GCD	44.0	70.516	0.112	0.276	0.747	2.193	6.209
GCD	45.0	75.006	0.116	0.306	0.793	2.294	5.809
GCD	46.0	79.346	0.141	0.364	0.897	2.580	6.734
GCD	47.0	83.138	0.155	0.422	1.072	2.794	6.728
GCD	48.0	86.482	0.199	0.514	1.203	2.889	7.031
GCD	49.0	89.437	0.184	0.513	1.305	3.133	7.521
GCD	50.0	91.966	0.218	0.584	1.271	2.900	6.897
GCD	51.0	94.008	0.257	0.606	1.406	3.274	7.120
GCD	52.0	95.742	0.259	0.635	1.569	3.509	6.793
GCD	53.0	97.073	0.258	0.655	1.518	3.351	7.754
GCD	54.0	97.992	0.228	0.631	1.460	3.521	7.461
GCD	55.0	98.656	0.261	0.703	1.790	3.705	9.311
GCD	56.0	99.180	0.192	0.567	1.465	3.395	8.002
GCD	57.0	99.464	0.206	0.743	1.802	4.091	9.387
GCD	58.0	99.659	0.189	0.664	1.979	4.113	9.976
GCD	59.0	99.824	0.254	0.640	1.814	4.137	8.024
GCD	60.0	99.894	0.079	0.538	1.455	4.627	13.962
GCD	61.0	99.938	0.109	0.388	0.941	2.992	6.442
GCD	62.0	99.962	0.008	0.257	1.261	5.422	12.125
GCD	63.0	99.982	0.067	0.479	1.399	2.086	23.990
GCD	64.0	99.993	0.019	0.019	0.306	1.072	1.314
GCD	65.0	99.997	0.213	0.213	0.427	0.640	0.640
GCD	67.0	99.998	0.097	0.097	0.097	0.097	0.097
GCD	71.0	100.000	0.005	0.005	0.005	0.005	0.005
